Scenario_5
300
0 0 0 0 0 0.993 0.943 0.337 206 0.5 0.5 0.5 0 0 0 0 1 1 1 0 0 0
1 1 1.5 0 0 0.499 0.164 0.35 167 0.5 0.5 0.5 0 0 0 0 1 1 1 0 0 0
2 2 3 0 0 0.359 0.83 0.444 215 0.5 0.5 0.5 0 0 0 0 1 1 1 0 0 0
3 3 4.5 0 0 0.537 0.705 0.752 19 0.5 0.5 0.5 0 0 0 0 1 1 1 0 0 0
4 4 6 0 0 0.738 0.621 0.24 286 0.5 0.5 0.5 0 0 0 0 1 1 1 0 0 0
0 5 7.5 0 0 0.09 0.07 0.437 120 0.5 0.5 0.5 0 0 0 0 1 1 1 0 0 0
1 6 9 0 0 0.075 0.837 0.896 56 0.5 0.5 0.5 0 0 0 0 1 1 1 0 0 0
2 7 10.5 0 0 0.588 0.511 0.235 252 0.5 0.5 0.5 0 0 0 0 1 1 1 0 0 0
3 8 12 0 0 0.611 0.197 0.265 206 0.5 0.5 0.5 0 0 0 0 1 1 1 0 0 0
4 9 13.5 0 0 0.847 0.284 0.744 264 0.5 0.5 0.5 0 0 0 0 1 1 1 0 0 0
0 10 15 0 0 0.996 0.181 0.494 164 0.5 0.5 0.5 0 0 0 0 1 1 1 0 0 0
1 11 16.5 0 0 0.592 0.504 0.802 213 0.5 0.5 0.5 0 0 0 0 1 1 1 0 0 0
2 12 18 0 0 0.982 0.628 0.484 354 0.5 0.5 0.5 0 0 0 0 1 1 1 0 0 0
3 13 19.5 0 0 0.921 0.474 0.032 292 0.5 0.5 0.5 0 0 0 0 1 1 1 0 0 0
4 14 21 0 0 0.587 0.579 0.391 174 0.5 0.5 0.5 0 0 0 0 1 1 1 0 0 0
0 15 22.5 0 0 0.638 0.039 0.807 212 0.5 0.5 0.5 0 0 0 0 1 1 1 0 0 0
1 16 24 0 0 0.515 0.208 0.348 127 0.5 0.5 0.5 0 0 0 0 1 1 1 0 0 0
2 17 25.5 0 0 0.29 0.726 0.382 72 0.5 0.5 0.5 0 0 0 0 1 1 1 0 0 0
3 18 27 0 0 0.817 0.789 0.317 123 0.5 0.5 0.5 0 0 0 0 1 1 1 0 0 0
4 19 28.5 0 0 0.616 0.363 0.354 7 0.5 0.5 0.5 0 0 0 0 1 1 1 0 0 0
0 20 30 0 0 0.196 0.046 0.776 35 0.5 0.5 0.5 0 0 0 0 1 1 1 0 0 0
1 21 31.5 0 0 0.314 0.949 0.987 299 0.5 0.5 0.5 0 0 0 0 1 1 1 0 0 0
2 22 33 0 0 0.327 0.39 0.6 90 0.5 0.5 0.5 0 0 0 0 1 1 1 0 0 0
3 23 34.5 0 0 0.15 0.856 0.325 162 0.5 0.5 0.5 0 0 0 0 1 1 1 0 0 0
4 24 36 0 0 0.889 0.314 0.026 242 0.5 0.5 0.5 0 0 0 0 1 1 1 0 0 0
0 25 37.5 0 0 0.139 0.196 0.016 311 0.5 0.5 0.5 0 0 0 0 1 1 1 0 0 0
1 26 39 0 0 0.382 0.196 0.337 127 0.5 0.5 0.5 0 0 0 0 1 1 1 0 0 0
2 27 40.5 0 0 0.392 0.444 0.777 210 0.5 0.5 0.5 0 0 0 0 1 1 1 0 0 0
3 28 42 0 0 0.74 0.121 0.019 137 0.5 0.5 0.5 0 0 0 0 1 1 1 0 0 0
4 29 43.5 0 0 0.718 0.768 0.943 188 0.5 0.5 0.5 0 0 0 0 1 1 1 0 0 0
0 30 45 0 0 0.111 0.036 0.026 198 0.5 0.5 0.5 0 0 0 0 1 1 1 0 0 0
1 31 46.5 0 0 0.89 0.307 0.198 60 0.5 0.5 0.5 0 0 0 0 1 1 1 0 0 0
2 32 48 0 0 0.733 0.833 0.436 78 0.5 0.5 0.5 0 0 0 0 1 1 1 0 0 0
3 33 49.5 0 0 0.444 0.997 0.175 13 0.5 0.5 0.5 0 0 0 0 1 1 1 0 0 0
4 34 51 0 0 0.298 0.163 0.747 174 0.5 0.5 0.5 0 0 0 0 1 1 1 0 0 0
0 35 52.5 0 0 0.442 0.434 0.214 293 0.5 0.5 0.5 0 0 0 0 1 1 1 0 0 0
1 36 54 0 0 0.558 0.479 0.813 317 0.5 0.5 0.5 0 0 0 0 1 1 1 0 0 0
2 37 55.5 0 0 0.781 0.729 0.618 159 0.5 0.5 0.5 0 0 0 0 1 1 1 0 0 0
3 38 57 0 0 0.41 0.27 0.173 106 0.5 0.5 0.5 0 0 0 0 1 1 1 0 0 0
4 39 58.5 0 0 0.131 0.262 0.841 338 0.5 0.5 0.5 0 0 0 0 1 1 1 0 0 0
0 40 60 0 0 0.935 0.767 0.641 172 0.5 0.5 0.5 0 0 0 0 1 1 1 0 0 0
1 41 61.5 0 0 0.291 0.496 0.234 160 0.5 0.5 0.5 0 0 0 0 1 1 1 0 0 0
2 42 63 0 0 0.831 0.435 0.826 208 0.5 0.5 0.5 0 0 0 0 1 1 1 0 0 0
3 43 64.5 0 0 0.252 0.924 0.121 225 0.5 0.5 0.5 0 0 0 0 1 1 1 0 0 0
4 44 66 0 0 0.713 0.263 0.687 183 0.5 0.5 0.5 0 0 0 0 1 1 1 0 0 0
0 45 67.5 0 0 0.959 0.769 0.743 149 0.5 0.5 0.5 0 0 0 0 1 1 1 0 0 0
1 46 69 0 0 0.049 0.061 0.938 85 0.5 0.5 0.5 0 0 0 0 1 1 1 0 0 0
2 47 70.5 0 0 0.88 0.962 0.983 141 0.5 0.5 0.5 0 0 0 0 1 1 1 0 0 0
3 48 72 0 0 0.734 0.867 0.865 267 0.5 0.5 0.5 0 0 0 0 1 1 1 0 0 0
4 49 73.5 0 0 0.433 0.663 0.345 43 0.5 0.5 0.5 0 0 0 0 1 1 1 0 0 0
0 50 75 0 0 0.363 0.666 0.086 110 0.5 0.5 0.5 0 0 0 0 1 1 1 0 0 0
1 51 76.5 0 0 0.887 0.036 0.035 85 0.5 0.5 0.5 0 0 0 0 1 1 1 0 0 0
2 52 78 0 0 0.158 0.296 0.328 14 0.5 0.5 0.5 0 0 0 0 1 1 1 0 0 0
3 53 79.5 0 0 0.907 0.656 0.891 246 0.5 0.5 0.5 0 0 0 0 1 1 1 0 0 0
4 54 81 0 0 0.436 0.055 0.68 336 0.5 0.5 0.5 0 0 0 0 1 1 1 0 0 0
0 55 82.5 0 0 0.883 0.943 0.198 141 0.5 0.5 0.5 0 0 0 0 1 1 1 0 0 0
1 56 84 0 0 0.027 0.565 0.029 84 0.5 0.5 0.5 0 0 0 0 1 1 1 0 0 0
2 57 85.5 0 0 0.662 0.297 0.205 156 0.5 0.5 0.5 0 0 0 0 1 1 1 0 0 0
3 58 87 0 0 0.63 0.034 0.2 64 0.5 0.5 0.5 0 0 0 0 1 1 1 0 0 0
4 59 88.5 0 0 0.539 0.257 0.266 98 0.5 0.5 0.5 0 0 0 0 1 1 1 0 0 0
0 60 90 0 0 0.197 0.388 0.12 27 0.5 0.5 0.5 0 0 0 0 1 1 1 0 0 0
1 61 91.5 0 0 0.019 0.223 0.184 273 0.5 0.5 0.5 0 0 0 0 1 1 1 0 0 0
2 62 93 0 0 0.635 0.886 0.919 306 0.5 0.5 0.5 0 0 0 0 1 1 1 0 0 0
3 63 94.5 0 0 0.154 0.11 0.536 89 0.5 0.5 0.5 0 0 0 0 1 1 1 0 0 0
4 64 96 0 0 0.294 0.74 0.979 351 0.5 0.5 0.5 0 0 0 0 1 1 1 0 0 0
0 65 97.5 0 0 0.506 0.798 0.357 27 0.5 0.5 0.5 0 0 0 0 1 1 1 0 0 0
1 66 99 0 0 0.258 0.625 0.535 189 0.5 0.5 0.5 0 0 0 0 1 1 1 0 0 0
2 67 100.5 0 0 0.744 0.139 0.673 231 0.5 0.5 0.5 0 0 0 0 1 1 1 0 0 0
3 68 102 0 0 0.486 0.258 0.376 5 0.5 0.5 0.5 0 0 0 0 1 1 1 0 0 0
4 69 103.5 0 0 0.957 0.9 0.517 207 0.5 0.5 0.5 0 0 0 0 1 1 1 0 0 0
0 70 105 0 0 0.829 0.401 0.336 92 0.5 0.5 0.5 0 0 0 0 1 1 1 0 0 0
1 71 106.5 0 0 0.678 0.197 0.197 186 0.5 0.5 0.5 0 0 0 0 1 1 1 0 0 0
2 72 108 0 0 0.135 0.026 0.494 283 0.5 0.5 0.5 0 0 0 0 1 1 1 0 0 0
3 73 109.5 0 0 0.765 0.862 0.585 49 0.5 0.5 0.5 0 0 0 0 1 1 1 0 0 0
4 74 111 0 0 0.222 0.281 0.387 206 0.5 0.5 0.5 0 0 0 0 1 1 1 0 0 0
0 75 112.5 0 0 0.47 0.834 0.957 221 0.5 0.5 0.5 0 0 0 0 1 1 1 0 0 0
1 76 114 0 0 0.569 0.914 0.334 69 0.5 0.5 0.5 0 0 0 0 1 1 1 0 0 0
2 77 115.5 0 0 0.586 0.953 0.402 119 0.5 0.5 0.5 0 0 0 0 1 1 1 0 0 0
3 78 117 0 0 0.788 0.663 0.306 102 0.5 0.5 0.5 0 0 0 0 1 1 1 0 0 0
4 79 118.5 0 0 0.943 0.774 0.619 63 0.5 0.5 0.5 0 0 0 0 1 1 1 0 0 0
0 80 120 0 0 0.27 0.734 0.275 153 0.5 0.5 0.5 0 0 0 0 1 1 1 0 0 0
1 81 121.5 0 0 0.902 0.321 0.057 14 0.5 0.5 0.5 0 0 0 0 1 1 1 0 0 0
2 82 123 0 0 0.617 0.521 0.981 130 0.5 0.5 0.5 0 0 0 0 1 1 1 0 0 0
3 83 124.5 0 0 0.956 0.862 0.832 292 0.5 0.5 0.5 0 0 0 0 1 1 1 0 0 0
4 84 126 0 0 0.109 0.276 0.933 259 0.5 0.5 0.5 0 0 0 0 1 1 1 0 0 0
0 85 127.5 0 0 0.81 0.244 0.824 218 0.5 0.5 0.5 0 0 0 0 1 1 1 0 0 0
1 86 129 0 0 0.166 0.65 0.669 319 0.5 0.5 0.5 0 0 0 0 1 1 1 0 0 0
2 87 130.5 0 0 0.637 0.007 0.556 177 0.5 0.5 0.5 0 0 0 0 1 1 1 0 0 0
3 88 132 0 0 0.306 0.392 0.956 144 0.5 0.5 0.5 0 0 0 0 1 1 1 0 0 0
4 89 133.5 0 0 0.19 0.071 0.182 185 0.5 0.5 0.5 0 0 0 0 1 1 1 0 0 0
0 90 135 0 0 0.892 0.08 0.932 282 0.5 0.5 0.5 0 0 0 0 1 1 1 0 0 0
1 91 136.5 0 0 0.411 0.503 0.857 83 0.5 0.5 0.5 0 0 0 0 1 1 1 0 0 0
2 92 138 0 0 0.124 0.944 0.73 214 0.5 0.5 0.5 0 0 0 0 1 1 1 0 0 0
3 93 139.5 0 0 0.732 0.703 0.15 128 0.5 0.5 0.5 0 0 0 0 1 1 1 0 0 0
4 94 141 0 0 0.74 0.857 0.89 312 0.5 0.5 0.5 0 0 0 0 1 1 1 0 0 0
0 95 142.5 0 0 0.023 0.362 0.072 39 0.5 0.5 0.5 0 0 0 0 1 1 1 0 0 0
1 96 144 0 0 0.668 0.512 0.864 57 0.5 0.5 0.5 0 0 0 0 1 1 1 0 0 0
2 97 145.5 0 0 0.869 0.84 0.447 243 0.5 0.5 0.5 0 0 0 0 1 1 1 0 0 0
3 98 147 0 0 0.383 0.68 0.856 205 0.5 0.5 0.5 0 0 0 0 1 1 1 0 0 0
4 99 148.5 0 0 0.779 0.173 0.601 43 0.5 0.5 0.5 0 0 0 0 1 1 1 0 0 0
0 100 150 0 0 0.748 0.574 0.055 214 0.5 0.5 0.5 0 0 0 0 1 1 1 0 0 0
1 101 151.5 0 0 0.498 0.856 0.756 296 0.5 0.5 0.5 0 0 0 0 1 1 1 0 0 0
2 102 153 0 0 0.406 0.692 0.895 328 0.5 0.5 0.5 0 0 0 0 1 1 1 0 0 0
3 103 154.5 0 0 0.031 0.206 0.541 10 0.5 0.5 0.5 0 0 0 0 1 1 1 0 0 0
4 104 156 0 0 0.204 0.287 0.72 323 0.5 0.5 0.5 0 0 0 0 1 1 1 0 0 0
0 105 157.5 0 0 0.683 0.42 0.885 331 0.5 0.5 0.5 0 0 0 0 1 1 1 0 0 0
1 106 159 0 0 0.546 0.952 0.225 108 0.5 0.5 0.5 0 0 0 0 1 1 1 0 0 0
2 107 160.5 0 0 0.044 0.888 0.478 67 0.5 0.5 0.5 0 0 0 0 1 1 1 0 0 0
3 108 162 0 0 0.006 0.43 0.091 140 0.5 0.5 0.5 0 0 0 0 1 1 1 0 0 0
4 109 163.5 0 0 0.45 0.065 0.33 227 0.5 0.5 0.5 0 0 0 0 1 1 1 0 0 0
0 110 165 0 0 0.412 0.083 0.775 176 0.5 0.5 0.5 0 0 0 0 1 1 1 0 0 0
1 111 166.5 0 0 0.859 0.898 0.653 194 0.5 0.5 0.5 0 0 0 0 1 1 1 0 0 0
2 112 168 0 0 0.114 0.123 0.474 255 0.5 0.5 0.5 0 0 0 0 1 1 1 0 0 0
3 113 169.5 0 0 0.112 0.508 0.606 26 0.5 0.5 0.5 0 0 0 0 1 1 1 0 0 0
4 114 171 0 0 0.42 0.816 0.512 135 0.5 0.5 0.5 0 0 0 0 1 1 1 0 0 0
0 115 172.5 0 0 0.389 0.729 0.45 140 0.5 0.5 0.5 0 0 0 0 1 1 1 0 0 0
1 116 174 0 0 0.274 0.297 0.718 184 0.5 0.5 0.5 0 0 0 0 1 1 1 0 0 0
2 117 175.5 0 0 0.669 0.289 0.873 264 0.5 0.5 0.5 0 0 0 0 1 1 1 0 0 0
3 118 177 0 0 0.125 0.87 0.311 335 0.5 0.5 0.5 0 0 0 0 1 1 1 0 0 0
4 119 178.5 0 0 0.98 0.472 0.103 110 0.5 0.5 0.5 0 0 0 0 1 1 1 0 0 0
0 120 180 0 0 0.414 0.413 0.704 188 0.5 0.5 0.5 0 0 0 0 1 1 1 0 0 0
1 121 181.5 0 0 0.371 0.558 0.5 96 0.5 0.5 0.5 0 0 0 0 1 1 1 0 0 0
2 122 183 0 0 0.239 0.568 0.812 21 0.5 0.5 0.5 0 0 0 0 1 1 1 0 0 0
3 123 184.5 0 0 0.504 0.838 0.253 21 0.5 0.5 0.5 0 0 0 0 1 1 1 0 0 0
4 124 186 0 0 0.511 0.173 0.513 105 0.5 0.5 0.5 0 0 0 0 1 1 1 0 0 0
0 125 187.5 0 0 0.275 0.016 0.929 152 0.5 0.5 0.5 0 0 0 0 1 1 1 0 0 0
1 126 189 0 0 0.034 0.877 0.217 166 0.5 0.5 0.5 0 0 0 0 1 1 1 0 0 0
2 127 190.5 0 0 0.53 0.255 0.972 134 0.5 0.5 0.5 0 0 0 0 1 1 1 0 0 0
3 128 192 0 0 0.079 0.229 0.218 43 0.5 0.5 0.5 0 0 0 0 1 1 1 0 0 0
4 129 193.5 0 0 0.181 0.396 0.767 332 0.5 0.5 0.5 0 0 0 0 1 1 1 0 0 0
0 130 195 0 0 0.745 0.024 0.686 175 0.5 0.5 0.5 0 0 0 0 1 1 1 0 0 0
1 131 196.5 0 0 0.579 0.729 0.701 327 0.5 0.5 0.5 0 0 0 0 1 1 1 0 0 0
2 132 198 0 0 0.103 0.971 0.979 336 0.5 0.5 0.5 0 0 0 0 1 1 1 0 0 0
3 133 199.5 0 0 0.356 0.406 0.12 122 0.5 0.5 0.5 0 0 0 0 1 1 1 0 0 0
4 134 201 0 0 0.515 0.608 0.132 28 0.5 0.5 0.5 0 0 0 0 1 1 1 0 0 0
0 135 202.5 0 0 0.22 0.175 0.811 28 0.5 0.5 0.5 0 0 0 0 1 1 1 0 0 0
1 136 204 0 0 0.367 0.396 0.214 44 0.5 0.5 0.5 0 0 0 0 1 1 1 0 0 0
2 137 205.5 0 0 0.231 0.212 0.685 327 0.5 0.5 0.5 0 0 0 0 1 1 1 0 0 0
3 138 207 0 0 0.875 0.68 0.853 212 0.5 0.5 0.5 0 0 0 0 1 1 1 0 0 0
4 139 208.5 0 0 0.007 0.744 0.156 337 0.5 0.5 0.5 0 0 0 0 1 1 1 0 0 0
0 140 210 0 0 0.784 0.124 0.549 164 0.5 0.5 0.5 0 0 0 0 1 1 1 0 0 0
1 141 211.5 0 0 0.967 0.147 0.848 167 0.5 0.5 0.5 0 0 0 0 1 1 1 0 0 0
2 142 213 0 0 0.528 0.319 0.856 242 0.5 0.5 0.5 0 0 0 0 1 1 1 0 0 0
3 143 214.5 0 0 0.964 0.224 0.02 37 0.5 0.5 0.5 0 0 0 0 1 1 1 0 0 0
4 144 216 0 0 0.956 0.88 0.822 350 0.5 0.5 0.5 0 0 0 0 1 1 1 0 0 0
0 145 217.5 0 0 0.246 0.96 0.544 120 0.5 0.5 0.5 0 0 0 0 1 1 1 0 0 0
1 146 219 0 0 0.685 0.017 0.961 61 0.5 0.5 0.5 0 0 0 0 1 1 1 0 0 0
2 147 220.5 0 0 0.988 0.061 0.826 188 0.5 0.5 0.5 0 0 0 0 1 1 1 0 0 0
3 148 222 0 0 0.875 0.974 0.581 278 0.5 0.5 0.5 0 0 0 0 1 1 1 0 0 0
4 149 223.5 0 0 0.437 0.527 0.592 54 0.5 0.5 0.5 0 0 0 0 1 1 1 0 0 0
0 150 225 0 0 0.921 0.714 0.886 344 0.5 0.5 0.5 0 0 0 0 1 1 1 0 0 0
1 151 226.5 0 0 0.176 0.994 0.311 180 0.5 0.5 0.5 0 0 0 0 1 1 1 0 0 0
2 152 228 0 0 0.879 0.707 0.402 346 0.5 0.5 0.5 0 0 0 0 1 1 1 0 0 0
3 153 229.5 0 0 0.389 0.262 0.48 263 0.5 0.5 0.5 0 0 0 0 1 1 1 0 0 0
4 154 231 0 0 0.278 0.193 0.354 305 0.5 0.5 0.5 0 0 0 0 1 1 1 0 0 0
0 155 232.5 0 0 0.154 0.918 0.389 144 0.5 0.5 0.5 0 0 0 0 1 1 1 0 0 0
1 156 234 0 0 0.352 0.619 0.829 206 0.5 0.5 0.5 0 0 0 0 1 1 1 0 0 0
2 157 235.5 0 0 0.063 0.666 0.84 16 0.5 0.5 0.5 0 0 0 0 1 1 1 0 0 0
3 158 237 0 0 0.126 0.946 0.413 173 0.5 0.5 0.5 0 0 0 0 1 1 1 0 0 0
4 159 238.5 0 0 0.473 0.677 0.173 231 0.5 0.5 0.5 0 0 0 0 1 1 1 0 0 0
0 160 240 0 0 0.751 0.507 0.168 95 0.5 0.5 0.5 0 0 0 0 1 1 1 0 0 0
1 161 241.5 0 0 0.859 0.272 0.171 342 0.5 0.5 0.5 0 0 0 0 1 1 1 0 0 0
2 162 243 0 0 0.72 0.121 0.305 49 0.5 0.5 0.5 0 0 0 0 1 1 1 0 0 0
3 163 244.5 0 0 0.408 0.693 0.143 204 0.5 0.5 0.5 0 0 0 0 1 1 1 0 0 0
4 164 246 0 0 0.774 0.065 0.813 155 0.5 0.5 0.5 0 0 0 0 1 1 1 0 0 0
0 165 247.5 0 0 0.179 0.052 0.697 69 0.5 0.5 0.5 0 0 0 0 1 1 1 0 0 0
1 166 249 0 0 0.766 0.613 0.79 234 0.5 0.5 0.5 0 0 0 0 1 1 1 0 0 0
2 167 250.5 0 0 0.047 0.53 0.941 102 0.5 0.5 0.5 0 0 0 0 1 1 1 0 0 0
3 168 252 0 0 0.614 0.434 0.338 310 0.5 0.5 0.5 0 0 0 0 1 1 1 0 0 0
4 169 253.5 0 0 0.823 0.972 0.307 67 0.5 0.5 0.5 0 0 0 0 1 1 1 0 0 0
0 170 255 0 0 0.353 0.394 0.245 116 0.5 0.5 0.5 0 0 0 0 1 1 1 0 0 0
1 171 256.5 0 0 0.159 0.289 0.696 177 0.5 0.5 0.5 0 0 0 0 1 1 1 0 0 0
2 172 258 0 0 0.359 0.842 0.139 278 0.5 0.5 0.5 0 0 0 0 1 1 1 0 0 0
3 173 259.5 0 0 0.553 0.702 0.042 332 0.5 0.5 0.5 0 0 0 0 1 1 1 0 0 0
4 174 261 0 0 0.746 0.836 0.527 262 0.5 0.5 0.5 0 0 0 0 1 1 1 0 0 0
0 175 262.5 0 0 0.522 0.407 0.192 170 0.5 0.5 0.5 0 0 0 0 1 1 1 0 0 0
1 176 264 0 0 0.322 0.623 0.984 207 0.5 0.5 0.5 0 0 0 0 1 1 1 0 0 0
2 177 265.5 0 0 0.954 0.484 0.727 334 0.5 0.5 0.5 0 0 0 0 1 1 1 0 0 0
3 178 267 0 0 0.714 0.586 0.07 228 0.5 0.5 0.5 0 0 0 0 1 1 1 0 0 0
4 179 268.5 0 0 0.783 0.745 0.662 318 0.5 0.5 0.5 0 0 0 0 1 1 1 0 0 0
0 180 270 0 0 0.905 0.389 0.649 302 0.5 0.5 0.5 0 0 0 0 1 1 1 0 0 0
1 181 271.5 0 0 0.995 0.766 0.3 350 0.5 0.5 0.5 0 0 0 0 1 1 1 0 0 0
2 182 273 0 0 0.394 0.88 0.138 290 0.5 0.5 0.5 0 0 0 0 1 1 1 0 0 0
3 183 274.5 0 0 0.025 0.229 0.116 227 0.5 0.5 0.5 0 0 0 0 1 1 1 0 0 0
4 184 276 0 0 0.388 0.353 0.176 32 0.5 0.5 0.5 0 0 0 0 1 1 1 0 0 0
0 185 277.5 0 0 0.66 0.223 0.208 32 0.5 0.5 0.5 0 0 0 0 1 1 1 0 0 0
1 186 279 0 0 0.387 0.187 0.301 6 0.5 0.5 0.5 0 0 0 0 1 1 1 0 0 0
2 187 280.5 0 0 0.392 0.399 0.971 292 0.5 0.5 0.5 0 0 0 0 1 1 1 0 0 0
3 188 282 0 0 0.101 0.898 0.342 268 0.5 0.5 0.5 0 0 0 0 1 1 1 0 0 0
4 189 283.5 0 0 0.511 0.693 0.205 130 0.5 0.5 0.5 0 0 0 0 1 1 1 0 0 0
0 190 285 0 0 0.622 0.992 0.223 285 0.5 0.5 0.5 0 0 0 0 1 1 1 0 0 0
1 191 286.5 0 0 0.654 0.285 0.915 192 0.5 0.5 0.5 0 0 0 0 1 1 1 0 0 0
2 192 288 0 0 0.676 0.658 0.38 332 0.5 0.5 0.5 0 0 0 0 1 1 1 0 0 0
3 193 289.5 0 0 0.085 0.205 0.445 313 0.5 0.5 0.5 0 0 0 0 1 1 1 0 0 0
4 194 291 0 0 0.148 0.971 0.457 132 0.5 0.5 0.5 0 0 0 0 1 1 1 0 0 0
0 195 292.5 0 0 0.602 0.954 0.166 267 0.5 0.5 0.5 0 0 0 0 1 1 1 0 0 0
1 196 294 0 0 0.219 0.704 0.147 151 0.5 0.5 0.5 0 0 0 0 1 1 1 0 0 0
2 197 295.5 0 0 0.15 0.068 0.575 185 0.5 0.5 0.5 0 0 0 0 1 1 1 0 0 0
3 198 297 0 0 0.997 0.171 0.38 176 0.5 0.5 0.5 0 0 0 0 1 1 1 0 0 0
4 199 298.5 0 0 0.311 0.925 0.637 90 0.5 0.5 0.5 0 0 0 0 1 1 1 0 0 0
0 200 300 0 0 0.402 0.017 0.987 161 0.5 0.5 0.5 0 0 0 0 1 1 1 0 0 0
1 201 301.5 0 0 0.877 0.278 0.606 312 0.5 0.5 0.5 0 0 0 0 1 1 1 0 0 0
2 202 303 0 0 0.82 0.092 0.45 134 0.5 0.5 0.5 0 0 0 0 1 1 1 0 0 0
3 203 304.5 0 0 0.301 0.178 0.264 162 0.5 0.5 0.5 0 0 0 0 1 1 1 0 0 0
4 204 306 0 0 0.723 0.201 0.455 240 0.5 0.5 0.5 0 0 0 0 1 1 1 0 0 0
0 205 307.5 0 0 0.16 0.769 0.234 50 0.5 0.5 0.5 0 0 0 0 1 1 1 0 0 0
1 206 309 0 0 0.905 0.563 0.603 187 0.5 0.5 0.5 0 0 0 0 1 1 1 0 0 0
2 207 310.5 0 0 0.333 0.335 0.104 96 0.5 0.5 0.5 0 0 0 0 1 1 1 0 0 0
3 208 312 0 0 0.67 0.662 0.086 320 0.5 0.5 0.5 0 0 0 0 1 1 1 0 0 0
4 209 313.5 0 0 0.419 0.354 0.94 341 0.5 0.5 0.5 0 0 0 0 1 1 1 0 0 0
0 210 315 0 0 0.117 0.989 0.353 211 0.5 0.5 0.5 0 0 0 0 1 1 1 0 0 0
1 211 316.5 0 0 0.808 0.439 0.896 9 0.5 0.5 0.5 0 0 0 0 1 1 1 0 0 0
2 212 318 0 0 0.588 0.156 0.05 30 0.5 0.5 0.5 0 0 0 0 1 1 1 0 0 0
3 213 319.5 0 0 0.293 0.51 0.852 110 0.5 0.5 0.5 0 0 0 0 1 1 1 0 0 0
4 214 321 0 0 0.152 0.063 0.579 125 0.5 0.5 0.5 0 0 0 0 1 1 1 0 0 0
0 215 322.5 0 0 0.328 0.065 0.454 123 0.5 0.5 0.5 0 0 0 0 1 1 1 0 0 0
1 216 324 0 0 0.703 0.201 0.924 88 0.5 0.5 0.5 0 0 0 0 1 1 1 0 0 0
2 217 325.5 0 0 0.6 0.481 0.773 146 0.5 0.5 0.5 0 0 0 0 1 1 1 0 0 0
3 218 327 0 0 0.173 0.014 0.933 148 0.5 0.5 0.5 0 0 0 0 1 1 1 0 0 0
4 219 328.5 0 0 0.252 0.169 0.47 345 0.5 0.5 0.5 0 0 0 0 1 1 1 0 0 0
0 220 330 0 0 0.752 0.089 0.412 66 0.5 0.5 0.5 0 0 0 0 1 1 1 0 0 0
1 221 331.5 0 0 0.805 0.369 0.111 173 0.5 0.5 0.5 0 0 0 0 1 1 1 0 0 0
2 222 333 0 0 0.363 0.782 0.925 95 0.5 0.5 0.5 0 0 0 0 1 1 1 0 0 0
3 223 334.5 0 0 0.103 0.965 0.367 226 0.5 0.5 0.5 0 0 0 0 1 1 1 0 0 0
4 224 336 0 0 0.078 0.53 0.213 170 0.5 0.5 0.5 0 0 0 0 1 1 1 0 0 0
0 225 337.5 0 0 0.276 0.003 0.443 284 0.5 0.5 0.5 0 0 0 0 1 1 1 0 0 0
1 226 339 0 0 0.637 0.502 0.19 17 0.5 0.5 0.5 0 0 0 0 1 1 1 0 0 0
2 227 340.5 0 0 0.425 0.937 0.938 10 0.5 0.5 0.5 0 0 0 0 1 1 1 0 0 0
3 228 342 0 0 0.197 0.969 0.414 100 0.5 0.5 0.5 0 0 0 0 1 1 1 0 0 0
4 229 343.5 0 0 0.919 0.492 0.307 142 0.5 0.5 0.5 0 0 0 0 1 1 1 0 0 0
0 230 345 0 0 0.818 0.746 0.416 160 0.5 0.5 0.5 0 0 0 0 1 1 1 0 0 0
1 231 346.5 0 0 0.043 0.249 0.369 214 0.5 0.5 0.5 0 0 0 0 1 1 1 0 0 0
2 232 348 0 0 0.723 0.225 0.057 101 0.5 0.5 0.5 0 0 0 0 1 1 1 0 0 0
3 233 349.5 0 0 0.807 0.865 0.366 30 0.5 0.5 0.5 0 0 0 0 1 1 1 0 0 0
4 234 351 0 0 0.116 0.471 0.444 209 0.5 0.5 0.5 0 0 0 0 1 1 1 0 0 0
0 235 352.5 0 0 0.695 0.069 0.101 147 0.5 0.5 0.5 0 0 0 0 1 1 1 0 0 0
1 236 354 0 0 0.1 0.514 0.927 179 0.5 0.5 0.5 0 0 0 0 1 1 1 0 0 0
2 237 355.5 0 0 0.9 0.622 0.742 65 0.5 0.5 0.5 0 0 0 0 1 1 1 0 0 0
3 238 357 0 0 0.381 0.498 0.06 320 0.5 0.5 0.5 0 0 0 0 1 1 1 0 0 0
4 239 358.5 0 0 0.429 0.431 0.462 31 0.5 0.5 0.5 0 0 0 0 1 1 1 0 0 0
0 240 360 0 0 0.99 0.079 0.257 90 0.5 0.5 0.5 0 0 0 0 1 1 1 0 0 0
1 241 361.5 0 0 0.057 0.841 0.037 190 0.5 0.5 0.5 0 0 0 0 1 1 1 0 0 0
2 242 363 0 0 0.036 0.456 0.32 340 0.5 0.5 0.5 0 0 0 0 1 1 1 0 0 0
3 243 364.5 0 0 0.63 0.798 0.998 213 0.5 0.5 0.5 0 0 0 0 1 1 1 0 0 0
4 244 366 0 0 0.916 0.821 0.448 320 0.5 0.5 0.5 0 0 0 0 1 1 1 0 0 0
0 245 367.5 0 0 0.213 0.799 0.034 104 0.5 0.5 0.5 0 0 0 0 1 1 1 0 0 0
1 246 369 0 0 0.571 0.262 0.722 153 0.5 0.5 0.5 0 0 0 0 1 1 1 0 0 0
2 247 370.5 0 0 0.115 0.926 0.797 84 0.5 0.5 0.5 0 0 0 0 1 1 1 0 0 0
3 248 372 0 0 0.279 0.098 0.54 289 0.5 0.5 0.5 0 0 0 0 1 1 1 0 0 0
4 249 373.5 0 0 0.625 0.308 0.96 284 0.5 0.5 0.5 0 0 0 0 1 1 1 0 0 0
0 250 375 0 0 0.707 0.137 0.761 323 0.5 0.5 0.5 0 0 0 0 1 1 1 0 0 0
1 251 376.5 0 0 0.765 0.652 0.053 143 0.5 0.5 0.5 0 0 0 0 1 1 1 0 0 0
2 252 378 0 0 0.527 0.274 0.935 98 0.5 0.5 0.5 0 0 0 0 1 1 1 0 0 0
3 253 379.5 0 0 0.823 0.966 0.878 176 0.5 0.5 0.5 0 0 0 0 1 1 1 0 0 0
4 254 381 0 0 0.725 0.478 0.264 265 0.5 0.5 0.5 0 0 0 0 1 1 1 0 0 0
0 255 382.5 0 0 0.621 0.142 0.999 205 0.5 0.5 0.5 0 0 0 0 1 1 1 0 0 0
1 256 384 0 0 0.181 0.971 0.562 89 0.5 0.5 0.5 0 0 0 0 1 1 1 0 0 0
2 257 385.5 0 0 0.08 0.939 0.719 289 0.5 0.5 0.5 0 0 0 0 1 1 1 0 0 0
3 258 387 0 0 0.794 0.946 0.48 14 0.5 0.5 0.5 0 0 0 0 1 1 1 0 0 0
4 259 388.5 0 0 0.445 0.528 0.931 10 0.5 0.5 0.5 0 0 0 0 1 1 1 0 0 0
0 260 390 0 0 0.931 0.706 0.974 122 0.5 0.5 0.5 0 0 0 0 1 1 1 0 0 0
1 261 391.5 0 0 0.437 0.597 0.979 348 0.5 0.5 0.5 0 0 0 0 1 1 1 0 0 0
2 262 393 0 0 0.603 0.803 0.177 136 0.5 0.5 0.5 0 0 0 0 1 1 1 0 0 0
3 263 394.5 0 0 0.045 0.159 0.307 332 0.5 0.5 0.5 0 0 0 0 1 1 1 0 0 0
4 264 396 0 0 0.57 0.907 0.676 234 0.5 0.5 0.5 0 0 0 0 1 1 1 0 0 0
0 265 397.5 0 0 0.03 0.54 0.443 333 0.5 0.5 0.5 0 0 0 0 1 1 1 0 0 0
1 266 399 0 0 0.617 0.764 0.044 292 0.5 0.5 0.5 0 0 0 0 1 1 1 0 0 0
2 267 400.5 0 0 0.678 0.616 0.607 358 0.5 0.5 0.5 0 0 0 0 1 1 1 0 0 0
3 268 402 0 0 0.714 0.859 0.917 239 0.5 0.5 0.5 0 0 0 0 1 1 1 0 0 0
4 269 403.5 0 0 0.494 0.531 0.888 66 0.5 0.5 0.5 0 0 0 0 1 1 1 0 0 0
0 270 405 0 0 0.781 0.339 0.41 247 0.5 0.5 0.5 0 0 0 0 1 1 1 0 0 0
1 271 406.5 0 0 0.378 0.353 0.969 190 0.5 0.5 0.5 0 0 0 0 1 1 1 0 0 0
2 272 408 0 0 0.508 0.256 0.625 5 0.5 0.5 0.5 0 0 0 0 1 1 1 0 0 0
3 273 409.5 0 0 0.515 0.985 0.339 279 0.5 0.5 0.5 0 0 0 0 1 1 1 0 0 0
4 274 411 0 0 0.544 0.685 0.485 190 0.5 0.5 0.5 0 0 0 0 1 1 1 0 0 0
0 275 412.5 0 0 0.28 0.478 0.673 66 0.5 0.5 0.5 0 0 0 0 1 1 1 0 0 0
1 276 414 0 0 0.346 0.999 0.97 210 0.5 0.5 0.5 0 0 0 0 1 1 1 0 0 0
2 277 415.5 0 0 0.705 0.672 0.701 354 0.5 0.5 0.5 0 0 0 0 1 1 1 0 0 0
3 278 417 0 0 0.491 0.175 0.845 326 0.5 0.5 0.5 0 0 0 0 1 1 1 0 0 0
4 279 418.5 0 0 0.187 0.932 0.081 326 0.5 0.5 0.5 0 0 0 0 1 1 1 0 0 0
0 280 420 0 0 0.876 0.124 0.386 42 0.5 0.5 0.5 0 0 0 0 1 1 1 0 0 0
1 281 421.5 0 0 0.151 0.208 0.623 128 0.5 0.5 0.5 0 0 0 0 1 1 1 0 0 0
2 282 423 0 0 0.367 0.254 0.299 115 0.5 0.5 0.5 0 0 0 0 1 1 1 0 0 0
3 283 424.5 0 0 0.267 0.736 0.426 287 0.5 0.5 0.5 0 0 0 0 1 1 1 0 0 0
4 284 426 0 0 0.419 0.068 0.039 123 0.5 0.5 0.5 0 0 0 0 1 1 1 0 0 0
0 285 427.5 0 0 0.519 0.525 0.058 189 0.5 0.5 0.5 0 0 0 0 1 1 1 0 0 0
1 286 429 0 0 0.549 0.079 0.521 36 0.5 0.5 0.5 0 0 0 0 1 1 1 0 0 0
2 287 430.5 0 0 0.009 0.704 0.748 338 0.5 0.5 0.5 0 0 0 0 1 1 1 0 0 0
3 288 432 0 0 0.21 0.061 0.325 224 0.5 0.5 0.5 0 0 0 0 1 1 1 0 0 0
4 289 433.5 0 0 0.682 0.283 0.36 15 0.5 0.5 0.5 0 0 0 0 1 1 1 0 0 0
0 290 435 0 0 0.997 0 0.839 68 0.5 0.5 0.5 0 0 0 0 1 1 1 0 0 0
1 291 436.5 0 0 0.926 0.384 0.313 132 0.5 0.5 0.5 0 0 0 0 1 1 1 0 0 0
2 292 438 0 0 0.647 0.996 0.724 1 0.5 0.5 0.5 0 0 0 0 1 1 1 0 0 0
3 293 439.5 0 0 0.584 0.424 0.912 115 0.5 0.5 0.5 0 0 0 0 1 1 1 0 0 0
4 294 441 0 0 0.426 0.804 0.406 50 0.5 0.5 0.5 0 0 0 0 1 1 1 0 0 0
0 295 442.5 0 0 0.58 0.309 0.153 306 0.5 0.5 0.5 0 0 0 0 1 1 1 0 0 0
1 296 444 0 0 0.397 0.373 0.74 352 0.5 0.5 0.5 0 0 0 0 1 1 1 0 0 0
2 297 445.5 0 0 0.963 0.809 0.157 181 0.5 0.5 0.5 0 0 0 0 1 1 1 0 0 0
3 298 447 0 0 0.164 0.897 0.456 337 0.5 0.5 0.5 0 0 0 0 1 1 1 0 0 0
4 299 448.5 0 0 0.515 0.709 0.79 297 0.5 0.5 0.5 0 0 0 0 1 1 1 0 0 0
0 300 450 0 0 0.325 0.621 0.319 172 0.5 0.5 0.5 0 0 0 0 1 1 1 0 0 0
1 301 451.5 0 0 0.588 0.538 0.758 91 0.5 0.5 0.5 0 0 0 0 1 1 1 0 0 0
2 302 453 0 0 0.179 0.316 0.933 287 0.5 0.5 0.5 0 0 0 0 1 1 1 0 0 0
3 303 454.5 0 0 0.443 0.22 0.561 87 0.5 0.5 0.5 0 0 0 0 1 1 1 0 0 0
4 304 456 0 0 0.446 0.739 0.854 210 0.5 0.5 0.5 0 0 0 0 1 1 1 0 0 0
0 305 457.5 0 0 0.747 0.289 0.398 273 0.5 0.5 0.5 0 0 0 0 1 1 1 0 0 0
1 306 459 0 0 0.25 0.138 0.126 81 0.5 0.5 0.5 0 0 0 0 1 1 1 0 0 0
2 307 460.5 0 0 0.792 0.367 0.09 144 0.5 0.5 0.5 0 0 0 0 1 1 1 0 0 0
3 308 462 0 0 0.636 0.537 0.978 189 0.5 0.5 0.5 0 0 0 0 1 1 1 0 0 0
4 309 463.5 0 0 0.186 0.635 0.173 189 0.5 0.5 0.5 0 0 0 0 1 1 1 0 0 0
0 310 465 0 0 0.752 0.265 0.693 244 0.5 0.5 0.5 0 0 0 0 1 1 1 0 0 0
1 311 466.5 0 0 0.344 0.507 0.242 353 0.5 0.5 0.5 0 0 0 0 1 1 1 0 0 0
2 312 468 0 0 0.95 0.358 0.124 197 0.5 0.5 0.5 0 0 0 0 1 1 1 0 0 0
3 313 469.5 0 0 0.594 0.989 0.083 84 0.5 0.5 0.5 0 0 0 0 1 1 1 0 0 0
4 314 471 0 0 0.528 0.596 0.29 205 0.5 0.5 0.5 0 0 0 0 1 1 1 0 0 0
0 315 472.5 0 0 0.254 0.078 0.06 255 0.5 0.5 0.5 0 0 0 0 1 1 1 0 0 0
1 316 474 0 0 0.421 0.551 0.388 268 0.5 0.5 0.5 0 0 0 0 1 1 1 0 0 0
2 317 475.5 0 0 0.54 0.548 0.739 243 0.5 0.5 0.5 0 0 0 0 1 1 1 0 0 0
3 318 477 0 0 0.441 0.281 0.438 64 0.5 0.5 0.5 0 0 0 0 1 1 1 0 0 0
4 319 478.5 0 0 0.529 0.307 0.55 135 0.5 0.5 0.5 0 0 0 0 1 1 1 0 0 0
0 320 480 0 0 0.923 0.416 0.861 337 0.5 0.5 0.5 0 0 0 0 1 1 1 0 0 0
1 321 481.5 0 0 0.264 0.308 0.685 214 0.5 0.5 0.5 0 0 0 0 1 1 1 0 0 0
2 322 483 0 0 0.317 0.662 0.547 132 0.5 0.5 0.5 0 0 0 0 1 1 1 0 0 0
3 323 484.5 0 0 0.668 0.161 0.324 230 0.5 0.5 0.5 0 0 0 0 1 1 1 0 0 0
4 324 486 0 0 0.568 0.919 0.558 208 0.5 0.5 0.5 0 0 0 0 1 1 1 0 0 0
0 325 487.5 0 0 0.544 0.475 0.426 210 0.5 0.5 0.5 0 0 0 0 1 1 1 0 0 0
1 326 489 0 0 0.661 0.982 0.617 220 0.5 0.5 0.5 0 0 0 0 1 1 1 0 0 0
2 327 490.5 0 0 0.983 0.589 0.381 354 0.5 0.5 0.5 0 0 0 0 1 1 1 0 0 0
3 328 492 0 0 0.965 0.472 0.609 223 0.5 0.5 0.5 0 0 0 0 1 1 1 0 0 0
4 329 493.5 0 0 0.02 0.478 0.059 334 0.5 0.5 0.5 0 0 0 0 1 1 1 0 0 0
0 330 495 0 0 0.363 0.639 0.961 278 0.5 0.5 0.5 0 0 0 0 1 1 1 0 0 0
1 331 496.5 0 0 0.004 0.77 0.05 174 0.5 0.5 0.5 0 0 0 0 1 1 1 0 0 0
2 332 498 0 0 0.62 0.345 0.263 114 0.5 0.5 0.5 0 0 0 0 1 1 1 0 0 0
3 333 499.5 0 0 0.831 0.914 0.674 181 0.5 0.5 0.5 0 0 0 0 1 1 1 0 0 0
4 334 501 0 0 0.718 0.127 0.373 24 0.5 0.5 0.5 0 0 0 0 1 1 1 0 0 0
0 335 502.5 0 0 0.194 0.455 0.709 281 0.5 0.5 0.5 0 0 0 0 1 1 1 0 0 0
1 336 504 0 0 0.798 0.142 0.073 95 0.5 0.5 0.5 0 0 0 0 1 1 1 0 0 0
2 337 505.5 0 0 0.4 0.795 0.07 237 0.5 0.5 0.5 0 0 0 0 1 1 1 0 0 0
3 338 507 0 0 0.528 0.049 0.989 309 0.5 0.5 0.5 0 0 0 0 1 1 1 0 0 0
4 339 508.5 0 0 0.964 0.121 0.719 319 0.5 0.5 0.5 0 0 0 0 1 1 1 0 0 0
0 340 510 0 0 0.011 0.517 0.903 34 0.5 0.5 0.5 0 0 0 0 1 1 1 0 0 0
1 341 511.5 0 0 0.305 0.727 0.001 10 0.5 0.5 0.5 0 0 0 0 1 1 1 0 0 0
2 342 513 0 0 0.498 0.995 0.778 195 0.5 0.5 0.5 0 0 0 0 1 1 1 0 0 0
3 343 514.5 0 0 0.386 0.539 0.52 21 0.5 0.5 0.5 0 0 0 0 1 1 1 0 0 0
4 344 516 0 0 0.492 0.418 0.883 168 0.5 0.5 0.5 0 0 0 0 1 1 1 0 0 0
0 345 517.5 0 0 0.37 0.155 0.893 178 0.5 0.5 0.5 0 0 0 0 1 1 1 0 0 0
1 346 519 0 0 0.261 0.395 0.014 175 0.5 0.5 0.5 0 0 0 0 1 1 1 0 0 0
2 347 520.5 0 0 0.061 0.564 0.89 280 0.5 0.5 0.5 0 0 0 0 1 1 1 0 0 0
3 348 522 0 0 0.987 0.803 0.343 311 0.5 0.5 0.5 0 0 0 0 1 1 1 0 0 0
4 349 523.5 0 0 0.301 0.844 0.009 17 0.5 0.5 0.5 0 0 0 0 1 1 1 0 0 0
0 350 525 0 0 0.01 0.316 0.528 301 0.5 0.5 0.5 0 0 0 0 1 1 1 0 0 0
1 351 526.5 0 0 0.751 0.84 0.878 165 0.5 0.5 0.5 0 0 0 0 1 1 1 0 0 0
2 352 528 0 0 0.777 0.58 0.601 211 0.5 0.5 0.5 0 0 0 0 1 1 1 0 0 0
3 353 529.5 0 0 0.707 0.286 0.784 206 0.5 0.5 0.5 0 0 0 0 1 1 1 0 0 0
4 354 531 0 0 0.13 0.629 0.116 156 0.5 0.5 0.5 0 0 0 0 1 1 1 0 0 0
0 355 532.5 0 0 0.471 0.748 0.132 169 0.5 0.5 0.5 0 0 0 0 1 1 1 0 0 0
1 356 534 0 0 0.685 0.091 0.837 169 0.5 0.5 0.5 0 0 0 0 1 1 1 0 0 0
2 357 535.5 0 0 0.733 0.792 0.841 307 0.5 0.5 0.5 0 0 0 0 1 1 1 0 0 0
3 358 537 0 0 0.686 0.265 0.088 224 0.5 0.5 0.5 0 0 0 0 1 1 1 0 0 0
4 359 538.5 0 0 0.288 0.421 0.925 330 0.5 0.5 0.5 0 0 0 0 1 1 1 0 0 0
0 360 540 0 0 0.731 0.82 0.715 319 0.5 0.5 0.5 0 0 0 0 1 1 1 0 0 0
1 361 541.5 0 0 0.387 0.285 0.007 120 0.5 0.5 0.5 0 0 0 0 1 1 1 0 0 0
2 362 543 0 0 0.591 0.151 0.839 77 0.5 0.5 0.5 0 0 0 0 1 1 1 0 0 0
3 363 544.5 0 0 0.178 0.921 0.859 220 0.5 0.5 0.5 0 0 0 0 1 1 1 0 0 0
4 364 546 0 0 0.129 0.645 0.875 202 0.5 0.5 0.5 0 0 0 0 1 1 1 0 0 0
0 365 547.5 0 0 0.175 0.93 0.186 16 0.5 0.5 0.5 0 0 0 0 1 1 1 0 0 0
1 366 549 0 0 0.238 0.002 0.01 129 0.5 0.5 0.5 0 0 0 0 1 1 1 0 0 0
2 367 550.5 0 0 0.662 0.716 0.583 292 0.5 0.5 0.5 0 0 0 0 1 1 1 0 0 0
3 368 552 0 0 0.787 0.547 0.408 165 0.5 0.5 0.5 0 0 0 0 1 1 1 0 0 0
4 369 553.5 0 0 0.89 0.774 0.907 185 0.5 0.5 0.5 0 0 0 0 1 1 1 0 0 0
0 370 555 0 0 0.219 0.112 0.816 114 0.5 0.5 0.5 0 0 0 0 1 1 1 0 0 0
1 371 556.5 0 0 0.598 0.163 0.498 71 0.5 0.5 0.5 0 0 0 0 1 1 1 0 0 0
2 372 558 0 0 0.927 0.017 0.337 231 0.5 0.5 0.5 0 0 0 0 1 1 1 0 0 0
3 373 559.5 0 0 0.476 0.452 0.275 207 0.5 0.5 0.5 0 0 0 0 1 1 1 0 0 0
4 374 561 0 0 0.801 0.599 0.612 147 0.5 0.5 0.5 0 0 0 0 1 1 1 0 0 0
0 375 562.5 0 0 0.577 0.452 0.315 274 0.5 0.5 0.5 0 0 0 0 1 1 1 0 0 0
1 376 564 0 0 0.728 0.383 0.792 69 0.5 0.5 0.5 0 0 0 0 1 1 1 0 0 0
2 377 565.5 0 0 0.663 0.746 0.907 104 0.5 0.5 0.5 0 0 0 0 1 1 1 0 0 0
3 378 567 0 0 0.176 0.579 0.214 338 0.5 0.5 0.5 0 0 0 0 1 1 1 0 0 0
4 379 568.5 0 0 0.954 0.387 0.854 210 0.5 0.5 0.5 0 0 0 0 1 1 1 0 0 0
0 380 570 0 0 0.343 0.672 0.798 26 0.5 0.5 0.5 0 0 0 0 1 1 1 0 0 0
1 381 571.5 0 0 0.756 0.917 0.188 273 0.5 0.5 0.5 0 0 0 0 1 1 1 0 0 0
2 382 573 0 0 0.864 0.648 0.072 348 0.5 0.5 0.5 0 0 0 0 1 1 1 0 0 0
3 383 574.5 0 0 0.473 0.725 0.666 292 0.5 0.5 0.5 0 0 0 0 1 1 1 0 0 0
4 384 576 0 0 0.764 0.169 0.139 326 0.5 0.5 0.5 0 0 0 0 1 1 1 0 0 0
0 385 577.5 0 0 0.963 0.026 0.439 38 0.5 0.5 0.5 0 0 0 0 1 1 1 0 0 0
1 386 579 0 0 0.276 0.597 0.058 85 0.5 0.5 0.5 0 0 0 0 1 1 1 0 0 0
2 387 580.5 0 0 0.135 0.335 0.441 158 0.5 0.5 0.5 0 0 0 0 1 1 1 0 0 0
3 388 582 0 0 0.224 0.824 0.226 3 0.5 0.5 0.5 0 0 0 0 1 1 1 0 0 0
4 389 583.5 0 0 0.566 0.645 0.014 85 0.5 0.5 0.5 0 0 0 0 1 1 1 0 0 0
0 390 585 0 0 0.803 0.653 0.797 20 0.5 0.5 0.5 0 0 0 0 1 1 1 0 0 0
1 391 586.5 0 0 0.758 0.463 0.491 100 0.5 0.5 0.5 0 0 0 0 1 1 1 0 0 0
2 392 588 0 0 0.685 0.73 0.65 64 0.5 0.5 0.5 0 0 0 0 1 1 1 0 0 0
3 393 589.5 0 0 0.71 0.036 0.784 283 0.5 0.5 0.5 0 0 0 0 1 1 1 0 0 0
4 394 591 0 0 0.688 0.431 0.067 45 0.5 0.5 0.5 0 0 0 0 1 1 1 0 0 0
0 395 592.5 0 0 0.605 0.353 0.154 282 0.5 0.5 0.5 0 0 0 0 1 1 1 0 0 0
1 396 594 0 0 0.539 0.603 0.821 194 0.5 0.5 0.5 0 0 0 0 1 1 1 0 0 0
2 397 595.5 0 0 0.268 0.628 0.152 348 0.5 0.5 0.5 0 0 0 0 1 1 1 0 0 0
3 398 597 0 0 0.578 0.638 0.587 188 0.5 0.5 0.5 0 0 0 0 1 1 1 0 0 0
4 399 598.5 0 0 0.879 0.89 0.654 319 0.5 0.5 0.5 0 0 0 0 1 1 1 0 0 0
0 400 600 0 0 0.636 0.032 0.756 180 0.5 0.5 0.5 0 0 0 0 1 1 1 0 0 0
1 401 601.5 0 0 0.632 0.266 0.997 174 0.5 0.5 0.5 0 0 0 0 1 1 1 0 0 0
2 402 603 0 0 0.932 0.793 0.657 159 0.5 0.5 0.5 0 0 0 0 1 1 1 0 0 0
3 403 604.5 0 0 0.492 0.615 0.897 359 0.5 0.5 0.5 0 0 0 0 1 1 1 0 0 0
4 404 606 0 0 0.144 0.887 0.944 190 0.5 0.5 0.5 0 0 0 0 1 1 1 0 0 0
0 405 607.5 0 0 0.884 0.386 0.082 118 0.5 0.5 0.5 0 0 0 0 1 1 1 0 0 0
1 406 609 0 0 0.037 0.772 0.707 44 0.5 0.5 0.5 0 0 0 0 1 1 1 0 0 0
2 407 610.5 0 0 0.485 0.134 0.867 248 0.5 0.5 0.5 0 0 0 0 1 1 1 0 0 0
3 408 612 0 0 0.649 0.333 0.745 50 0.5 0.5 0.5 0 0 0 0 1 1 1 0 0 0
4 409 613.5 0 0 0.889 0.034 0.678 256 0.5 0.5 0.5 0 0 0 0 1 1 1 0 0 0
0 410 615 0 0 0.647 0.379 0.172 278 0.5 0.5 0.5 0 0 0 0 1 1 1 0 0 0
1 411 616.5 0 0 0.964 0.899 0.655 277 0.5 0.5 0.5 0 0 0 0 1 1 1 0 0 0
2 412 618 0 0 0.247 0.006 0.882 247 0.5 0.5 0.5 0 0 0 0 1 1 1 0 0 0
3 413 619.5 0 0 0.783 0.039 0.828 338 0.5 0.5 0.5 0 0 0 0 1 1 1 0 0 0
4 414 621 0 0 0.612 0.973 0.58 139 0.5 0.5 0.5 0 0 0 0 1 1 1 0 0 0
0 415 622.5 0 0 0.961 0.619 0.387 13 0.5 0.5 0.5 0 0 0 0 1 1 1 0 0 0
1 416 624 0 0 0.876 0.031 0.37 89 0.5 0.5 0.5 0 0 0 0 1 1 1 0 0 0
2 417 625.5 0 0 0.68 0.03 0.276 104 0.5 0.5 0.5 0 0 0 0 1 1 1 0 0 0
3 418 627 0 0 0.131 0.566 0.117 232 0.5 0.5 0.5 0 0 0 0 1 1 1 0 0 0
4 419 628.5 0 0 0.692 0.275 0.954 67 0.5 0.5 0.5 0 0 0 0 1 1 1 0 0 0
0 420 630 0 0 0.408 0.734 0.083 206 0.5 0.5 0.5 0 0 0 0 1 1 1 0 0 0
1 421 631.5 0 0 0.229 0.075 0.727 304 0.5 0.5 0.5 0 0 0 0 1 1 1 0 0 0
2 422 633 0 0 0.158 0.61 0.791 274 0.5 0.5 0.5 0 0 0 0 1 1 1 0 0 0
3 423 634.5 0 0 0.728 0.833 0.013 246 0.5 0.5 0.5 0 0 0 0 1 1 1 0 0 0
4 424 636 0 0 0.052 0.048 0.846 306 0.5 0.5 0.5 0 0 0 0 1 1 1 0 0 0
0 425 637.5 0 0 0.175 0.237 0.246 151 0.5 0.5 0.5 0 0 0 0 1 1 1 0 0 0
1 426 639 0 0 0.494 0.944 0.691 133 0.5 0.5 0.5 0 0 0 0 1 1 1 0 0 0
2 427 640.5 0 0 0.55 0.185 0.637 226 0.5 0.5 0.5 0 0 0 0 1 1 1 0 0 0
3 428 642 0 0 0.61 0.065 0.228 227 0.5 0.5 0.5 0 0 0 0 1 1 1 0 0 0
4 429 643.5 0 0 0.526 0.279 0.122 145 0.5 0.5 0.5 0 0 0 0 1 1 1 0 0 0
0 430 645 0 0 0.116 0.268 0.386 152 0.5 0.5 0.5 0 0 0 0 1 1 1 0 0 0
1 431 646.5 0 0 0.413 0.4 0.858 244 0.5 0.5 0.5 0 0 0 0 1 1 1 0 0 0
2 432 648 0 0 0.339 0.215 0.245 269 0.5 0.5 0.5 0 0 0 0 1 1 1 0 0 0
3 433 649.5 0 0 0.044 0.774 0.892 236 0.5 0.5 0.5 0 0 0 0 1 1 1 0 0 0
4 434 651 0 0 0.505 0.091 0.254 30 0.5 0.5 0.5 0 0 0 0 1 1 1 0 0 0
0 435 652.5 0 0 0.912 0.9 0.853 305 0.5 0.5 0.5 0 0 0 0 1 1 1 0 0 0
1 436 654 0 0 0.119 0.974 0.851 37 0.5 0.5 0.5 0 0 0 0 1 1 1 0 0 0
2 437 655.5 0 0 0.714 0.265 0.741 117 0.5 0.5 0.5 0 0 0 0 1 1 1 0 0 0
3 438 657 0 0 0.046 0.977 0.343 190 0.5 0.5 0.5 0 0 0 0 1 1 1 0 0 0
4 439 658.5 0 0 0.143 0.241 0.344 159 0.5 0.5 0.5 0 0 0 0 1 1 1 0 0 0
0 440 660 0 0 0.479 0.347 0.872 225 0.5 0.5 0.5 0 0 0 0 1 1 1 0 0 0
1 441 661.5 0 0 0.696 0.291 0.295 304 0.5 0.5 0.5 0 0 0 0 1 1 1 0 0 0
2 442 663 0 0 0.284 0.261 0.399 307 0.5 0.5 0.5 0 0 0 0 1 1 1 0 0 0
3 443 664.5 0 0 0.427 0.524 0.764 337 0.5 0.5 0.5 0 0 0 0 1 1 1 0 0 0
4 444 666 0 0 0.157 0.116 0.491 29 0.5 0.5 0.5 0 0 0 0 1 1 1 0 0 0
0 445 667.5 0 0 0.568 0.018 0.785 235 0.5 0.5 0.5 0 0 0 0 1 1 1 0 0 0
1 446 669 0 0 0.86 0.755 0.03 355 0.5 0.5 0.5 0 0 0 0 1 1 1 0 0 0
2 447 670.5 0 0 0.781 0.642 0.209 270 0.5 0.5 0.5 0 0 0 0 1 1 1 0 0 0
3 448 672 0 0 0.801 0.246 0.958 358 0.5 0.5 0.5 0 0 0 0 1 1 1 0 0 0
4 449 673.5 0 0 0.275 0.571 0.078 83 0.5 0.5 0.5 0 0 0 0 1 1 1 0 0 0
0 450 675 0 0 0.535 0.464 0.573 187 0.5 0.5 0.5 0 0 0 0 1 1 1 0 0 0
1 451 676.5 0 0 0.942 0.761 0.377 114 0.5 0.5 0.5 0 0 0 0 1 1 1 0 0 0
2 452 678 0 0 0.997 0.133 0.073 186 0.5 0.5 0.5 0 0 0 0 1 1 1 0 0 0
3 453 679.5 0 0 0.369 0.355 0.069 284 0.5 0.5 0.5 0 0 0 0 1 1 1 0 0 0
4 454 681 0 0 0.357 0.065 0.813 208 0.5 0.5 0.5 0 0 0 0 1 1 1 0 0 0
0 455 682.5 0 0 0.464 0.957 0.197 258 0.5 0.5 0.5 0 0 0 0 1 1 1 0 0 0
1 456 684 0 0 0.825 0.623 0.895 93 0.5 0.5 0.5 0 0 0 0 1 1 1 0 0 0
2 457 685.5 0 0 0.196 0.694 0.713 124 0.5 0.5 0.5 0 0 0 0 1 1 1 0 0 0
3 458 687 0 0 0.153 0.386 0.456 279 0.5 0.5 0.5 0 0 0 0 1 1 1 0 0 0
4 459 688.5 0 0 0.579 0.843 0.781 267 0.5 0.5 0.5 0 0 0 0 1 1 1 0 0 0
0 460 690 0 0 0.798 0.112 0.223 69 0.5 0.5 0.5 0 0 0 0 1 1 1 0 0 0
1 461 691.5 0 0 0.365 0.386 0.185 168 0.5 0.5 0.5 0 0 0 0 1 1 1 0 0 0
2 462 693 0 0 0.459 0.586 0.15 340 0.5 0.5 0.5 0 0 0 0 1 1 1 0 0 0
3 463 694.5 0 0 0.528 0.136 0.898 266 0.5 0.5 0.5 0 0 0 0 1 1 1 0 0 0
4 464 696 0 0 0.886 0.406 0.003 206 0.5 0.5 0.5 0 0 0 0 1 1 1 0 0 0
0 465 697.5 0 0 0.309 0.108 0.448 52 0.5 0.5 0.5 0 0 0 0 1 1 1 0 0 0
1 466 699 0 0 0.084 0.165 0.889 54 0.5 0.5 0.5 0 0 0 0 1 1 1 0 0 0
2 467 700.5 0 0 0.424 0.674 0.303 140 0.5 0.5 0.5 0 0 0 0 1 1 1 0 0 0
3 468 702 0 0 0.61 0.357 0.956 269 0.5 0.5 0.5 0 0 0 0 1 1 1 0 0 0
4 469 703.5 0 0 0.844 0.129 0.806 270 0.5 0.5 0.5 0 0 0 0 1 1 1 0 0 0
0 470 705 0 0 0.436 0.448 0.264 185 0.5 0.5 0.5 0 0 0 0 1 1 1 0 0 0
1 471 706.5 0 0 0.581 0.429 0.218 239 0.5 0.5 0.5 0 0 0 0 1 1 1 0 0 0
2 472 708 0 0 0.674 0.811 0.067 8 0.5 0.5 0.5 0 0 0 0 1 1 1 0 0 0
3 473 709.5 0 0 0.268 0.325 0.076 298 0.5 0.5 0.5 0 0 0 0 1 1 1 0 0 0
4 474 711 0 0 0.158 0.456 0.638 17 0.5 0.5 0.5 0 0 0 0 1 1 1 0 0 0
0 475 712.5 0 0 0.838 0.686 0.351 238 0.5 0.5 0.5 0 0 0 0 1 1 1 0 0 0
1 476 714 0 0 0.063 0.62 0.521 227 0.5 0.5 0.5 0 0 0 0 1 1 1 0 0 0
2 477 715.5 0 0 0.526 0.358 0.611 22 0.5 0.5 0.5 0 0 0 0 1 1 1 0 0 0
3 478 717 0 0 0.681 0.226 0.236 220 0.5 0.5 0.5 0 0 0 0 1 1 1 0 0 0
4 479 718.5 0 0 0.966 0.986 0.837 208 0.5 0.5 0.5 0 0 0 0 1 1 1 0 0 0
0 480 720 0 0 0.067 0.894 0.262 180 0.5 0.5 0.5 0 0 0 0 1 1 1 0 0 0
1 481 721.5 0 0 0.698 0.689 0.7 15 0.5 0.5 0.5 0 0 0 0 1 1 1 0 0 0
2 482 723 0 0 0.096 0.291 0.17 255 0.5 0.5 0.5 0 0 0 0 1 1 1 0 0 0
3 483 724.5 0 0 0.917 0.911 0.413 145 0.5 0.5 0.5 0 0 0 0 1 1 1 0 0 0
4 484 726 0 0 0.678 0.637 0.325 71 0.5 0.5 0.5 0 0 0 0 1 1 1 0 0 0
0 485 727.5 0 0 0.402 0.755 0.128 65 0.5 0.5 0.5 0 0 0 0 1 1 1 0 0 0
1 486 729 0 0 0.474 0.016 0.377 151 0.5 0.5 0.5 0 0 0 0 1 1 1 0 0 0
2 487 730.5 0 0 0.765 0.489 0.745 358 0.5 0.5 0.5 0 0 0 0 1 1 1 0 0 0
3 488 732 0 0 0.226 0.767 0.461 265 0.5 0.5 0.5 0 0 0 0 1 1 1 0 0 0
4 489 733.5 0 0 0.423 0.913 0.505 242 0.5 0.5 0.5 0 0 0 0 1 1 1 0 0 0
0 490 735 0 0 0.737 0.99 0.874 73 0.5 0.5 0.5 0 0 0 0 1 1 1 0 0 0
1 491 736.5 0 0 0.725 0.213 0.754 276 0.5 0.5 0.5 0 0 0 0 1 1 1 0 0 0
2 492 738 0 0 0.095 0.593 0.936 208 0.5 0.5 0.5 0 0 0 0 1 1 1 0 0 0
3 493 739.5 0 0 0.969 0.527 0.662 87 0.5 0.5 0.5 0 0 0 0 1 1 1 0 0 0
4 494 741 0 0 0.447 0.826 0.159 322 0.5 0.5 0.5 0 0 0 0 1 1 1 0 0 0
0 495 742.5 0 0 0.792 0.985 0.248 257 0.5 0.5 0.5 0 0 0 0 1 1 1 0 0 0
1 496 744 0 0 0.735 0.222 0.694 120 0.5 0.5 0.5 0 0 0 0 1 1 1 0 0 0
2 497 745.5 0 0 0.842 0.771 0.217 20 0.5 0.5 0.5 0 0 0 0 1 1 1 0 0 0
3 498 747 0 0 0.971 0.785 0.536 159 0.5 0.5 0.5 0 0 0 0 1 1 1 0 0 0
4 499 748.5 0 0 0.062 0.825 0.949 80 0.5 0.5 0.5 0 0 0 0 1 1 1 0 0 0
0 500 750 0 0 0.074 0.886 0.386 287 0.5 0.5 0.5 0 0 0 0 1 1 1 0 0 0
1 501 751.5 0 0 0.459 0.25 0.364 231 0.5 0.5 0.5 0 0 0 0 1 1 1 0 0 0
2 502 753 0 0 0.815 0.88 0.214 325 0.5 0.5 0.5 0 0 0 0 1 1 1 0 0 0
3 503 754.5 0 0 0.368 0.354 0.193 328 0.5 0.5 0.5 0 0 0 0 1 1 1 0 0 0
4 504 756 0 0 0.762 0.268 0.227 257 0.5 0.5 0.5 0 0 0 0 1 1 1 0 0 0
0 505 757.5 0 0 0.021 0.872 0.574 277 0.5 0.5 0.5 0 0 0 0 1 1 1 0 0 0
1 506 759 0 0 0.412 0.892 0.171 72 0.5 0.5 0.5 0 0 0 0 1 1 1 0 0 0
2 507 760.5 0 0 0.535 0.505 0.886 220 0.5 0.5 0.5 0 0 0 0 1 1 1 0 0 0
3 508 762 0 0 0.191 0.597 0.1 251 0.5 0.5 0.5 0 0 0 0 1 1 1 0 0 0
4 509 763.5 0 0 0.072 0.1 0.626 82 0.5 0.5 0.5 0 0 0 0 1 1 1 0 0 0
0 510 765 0 0 0.219 0.85 0.407 46 0.5 0.5 0.5 0 0 0 0 1 1 1 0 0 0
1 511 766.5 0 0 0.317 0.772 0.741 35 0.5 0.5 0.5 0 0 0 0 1 1 1 0 0 0
2 512 768 0 0 0.13 0.823 0.18 43 0.5 0.5 0.5 0 0 0 0 1 1 1 0 0 0
3 513 769.5 0 0 0.062 0.657 0.696 292 0.5 0.5 0.5 0 0 0 0 1 1 1 0 0 0
4 514 771 0 0 0.189 0.743 0.188 37 0.5 0.5 0.5 0 0 0 0 1 1 1 0 0 0
0 515 772.5 0 0 0.417 0.15 0.998 41 0.5 0.5 0.5 0 0 0 0 1 1 1 0 0 0
1 516 774 0 0 0.981 0.327 0.965 349 0.5 0.5 0.5 0 0 0 0 1 1 1 0 0 0
2 517 775.5 0 0 0.512 0.548 0.457 47 0.5 0.5 0.5 0 0 0 0 1 1 1 0 0 0
3 518 777 0 0 0.651 0.928 0.993 32 0.5 0.5 0.5 0 0 0 0 1 1 1 0 0 0
4 519 778.5 0 0 0.662 0.087 0.363 44 0.5 0.5 0.5 0 0 0 0 1 1 1 0 0 0
0 520 780 0 0 0.48 0.864 0.672 246 0.5 0.5 0.5 0 0 0 0 1 1 1 0 0 0
1 521 781.5 0 0 0.806 0.932 0.941 185 0.5 0.5 0.5 0 0 0 0 1 1 1 0 0 0
2 522 783 0 0 0.854 0.45 0.689 197 0.5 0.5 0.5 0 0 0 0 1 1 1 0 0 0
3 523 784.5 0 0 0.021 0.721 0.028 95 0.5 0.5 0.5 0 0 0 0 1 1 1 0 0 0
4 524 786 0 0 0.493 0.586 0.029 52 0.5 0.5 0.5 0 0 0 0 1 1 1 0 0 0
0 525 787.5 0 0 0.754 0.436 0.639 303 0.5 0.5 0.5 0 0 0 0 1 1 1 0 0 0
1 526 789 0 0 0.687 0.45 0.389 65 0.5 0.5 0.5 0 0 0 0 1 1 1 0 0 0
2 527 790.5 0 0 0.469 0.371 0.307 72 0.5 0.5 0.5 0 0 0 0 1 1 1 0 0 0
3 528 792 0 0 0.876 0.744 0.447 140 0.5 0.5 0.5 0 0 0 0 1 1 1 0 0 0
4 529 793.5 0 0 0.293 0.803 0.519 173 0.5 0.5 0.5 0 0 0 0 1 1 1 0 0 0
0 530 795 0 0 0.079 0.877 0.477 313 0.5 0.5 0.5 0 0 0 0 1 1 1 0 0 0
1 531 796.5 0 0 0.624 0.008 0.264 341 0.5 0.5 0.5 0 0 0 0 1 1 1 0 0 0
2 532 798 0 0 0.735 0.871 0.269 225 0.5 0.5 0.5 0 0 0 0 1 1 1 0 0 0
3 533 799.5 0 0 0.976 0.668 0.734 57 0.5 0.5 0.5 0 0 0 0 1 1 1 0 0 0
4 534 801 0 0 0.559 0.736 0.242 209 0.5 0.5 0.5 0 0 0 0 1 1 1 0 0 0
0 535 802.5 0 0 0.536 0.136 0.438 306 0.5 0.5 0.5 0 0 0 0 1 1 1 0 0 0
1 536 804 0 0 0.43 0.565 0.713 2 0.5 0.5 0.5 0 0 0 0 1 1 1 0 0 0
2 537 805.5 0 0 0.371 0.74 0.646 280 0.5 0.5 0.5 0 0 0 0 1 1 1 0 0 0
3 538 807 0 0 0.12 0.568 0.741 72 0.5 0.5 0.5 0 0 0 0 1 1 1 0 0 0
4 539 808.5 0 0 0.781 0.405 0.307 124 0.5 0.5 0.5 0 0 0 0 1 1 1 0 0 0
0 540 810 0 0 0.531 0.895 0.356 220 0.5 0.5 0.5 0 0 0 0 1 1 1 0 0 0
1 541 811.5 0 0 0.624 0.514 0.686 110 0.5 0.5 0.5 0 0 0 0 1 1 1 0 0 0
2 542 813 0 0 0.083 0.091 0.592 138 0.5 0.5 0.5 0 0 0 0 1 1 1 0 0 0
3 543 814.5 0 0 0.864 0.422 0.09 344 0.5 0.5 0.5 0 0 0 0 1 1 1 0 0 0
4 544 816 0 0 0.214 0.881 0.839 75 0.5 0.5 0.5 0 0 0 0 1 1 1 0 0 0
0 545 817.5 0 0 0.087 0.513 0.152 249 0.5 0.5 0.5 0 0 0 0 1 1 1 0 0 0
1 546 819 0 0 0.888 0.284 0.371 187 0.5 0.5 0.5 0 0 0 0 1 1 1 0 0 0
2 547 820.5 0 0 0.242 0.367 0.836 11 0.5 0.5 0.5 0 0 0 0 1 1 1 0 0 0
3 548 822 0 0 0.593 0.049 0.89 68 0.5 0.5 0.5 0 0 0 0 1 1 1 0 0 0
4 549 823.5 0 0 0.115 0.775 0.142 270 0.5 0.5 0.5 0 0 0 0 1 1 1 0 0 0
0 550 825 0 0 0.962 0.497 0.175 177 0.5 0.5 0.5 0 0 0 0 1 1 1 0 0 0
1 551 826.5 0 0 0.725 0.869 0.985 266 0.5 0.5 0.5 0 0 0 0 1 1 1 0 0 0
2 552 828 0 0 0.58 0.227 0.655 164 0.5 0.5 0.5 0 0 0 0 1 1 1 0 0 0
3 553 829.5 0 0 0.227 0.025 0.111 345 0.5 0.5 0.5 0 0 0 0 1 1 1 0 0 0
4 554 831 0 0 0.113 0.999 0.95 234 0.5 0.5 0.5 0 0 0 0 1 1 1 0 0 0
0 555 832.5 0 0 0.033 0.485 0.771 322 0.5 0.5 0.5 0 0 0 0 1 1 1 0 0 0
1 556 834 0 0 0.216 0.94 0.864 89 0.5 0.5 0.5 0 0 0 0 1 1 1 0 0 0
2 557 835.5 0 0 0.136 0.155 0.902 136 0.5 0.5 0.5 0 0 0 0 1 1 1 0 0 0
3 558 837 0 0 0.789 0.923 0.888 225 0.5 0.5 0.5 0 0 0 0 1 1 1 0 0 0
4 559 838.5 0 0 0.895 0.949 0.315 289 0.5 0.5 0.5 0 0 0 0 1 1 1 0 0 0
0 560 840 0 0 0.535 0.05 0.62 32 0.5 0.5 0.5 0 0 0 0 1 1 1 0 0 0
1 561 841.5 0 0 0.613 0.475 0.442 208 0.5 0.5 0.5 0 0 0 0 1 1 1 0 0 0
2 562 843 0 0 0.713 0.675 0.222 92 0.5 0.5 0.5 0 0 0 0 1 1 1 0 0 0
3 563 844.5 0 0 0.912 0.881 0.417 67 0.5 0.5 0.5 0 0 0 0 1 1 1 0 0 0
4 564 846 0 0 0.353 0.698 0.501 205 0.5 0.5 0.5 0 0 0 0 1 1 1 0 0 0
0 565 847.5 0 0 0.577 0.654 0.006 149 0.5 0.5 0.5 0 0 0 0 1 1 1 0 0 0
1 566 849 0 0 0.74 0.018 0.09 143 0.5 0.5 0.5 0 0 0 0 1 1 1 0 0 0
2 567 850.5 0 0 0.117 0.967 0.423 13 0.5 0.5 0.5 0 0 0 0 1 1 1 0 0 0
3 568 852 0 0 0.44 0.32 0.419 109 0.5 0.5 0.5 0 0 0 0 1 1 1 0 0 0
4 569 853.5 0 0 0.734 0.433 0.61 341 0.5 0.5 0.5 0 0 0 0 1 1 1 0 0 0
0 570 855 0 0 0.657 0.182 0.628 313 0.5 0.5 0.5 0 0 0 0 1 1 1 0 0 0
1 571 856.5 0 0 0.376 0.274 0.317 180 0.5 0.5 0.5 0 0 0 0 1 1 1 0 0 0
2 572 858 0 0 0.308 0.594 0.185 269 0.5 0.5 0.5 0 0 0 0 1 1 1 0 0 0
3 573 859.5 0 0 0.364 0.105 0.575 132 0.5 0.5 0.5 0 0 0 0 1 1 1 0 0 0
4 574 861 0 0 0.343 0.413 0.301 86 0.5 0.5 0.5 0 0 0 0 1 1 1 0 0 0
0 575 862.5 0 0 0.409 0.593 0.357 253 0.5 0.5 0.5 0 0 0 0 1 1 1 0 0 0
1 576 864 0 0 0.311 0.916 0.134 43 0.5 0.5 0.5 0 0 0 0 1 1 1 0 0 0
2 577 865.5 0 0 0.654 0.762 0.622 280 0.5 0.5 0.5 0 0 0 0 1 1 1 0 0 0
3 578 867 0 0 0.8 0.378 0.999 298 0.5 0.5 0.5 0 0 0 0 1 1 1 0 0 0
4 579 868.5 0 0 0.425 0.984 0.863 269 0.5 0.5 0.5 0 0 0 0 1 1 1 0 0 0
0 580 870 0 0 0.505 0.116 0.228 76 0.5 0.5 0.5 0 0 0 0 1 1 1 0 0 0
1 581 871.5 0 0 0.627 0.706 0.272 46 0.5 0.5 0.5 0 0 0 0 1 1 1 0 0 0
2 582 873 0 0 0.549 0.955 0.434 164 0.5 0.5 0.5 0 0 0 0 1 1 1 0 0 0
3 583 874.5 0 0 0.217 0.028 0.317 153 0.5 0.5 0.5 0 0 0 0 1 1 1 0 0 0
4 584 876 0 0 0.748 0.702 0.308 139 0.5 0.5 0.5 0 0 0 0 1 1 1 0 0 0
0 585 877.5 0 0 0.636 0.462 0.566 42 0.5 0.5 0.5 0 0 0 0 1 1 1 0 0 0
1 586 879 0 0 0.888 0.102 0.399 127 0.5 0.5 0.5 0 0 0 0 1 1 1 0 0 0
2 587 880.5 0 0 0.026 0.931 0.223 79 0.5 0.5 0.5 0 0 0 0 1 1 1 0 0 0
3 588 882 0 0 0.488 0.504 0.103 96 0.5 0.5 0.5 0 0 0 0 1 1 1 0 0 0
4 589 883.5 0 0 0.764 0.723 0.305 354 0.5 0.5 0.5 0 0 0 0 1 1 1 0 0 0
0 590 885 0 0 0.36 0.942 0.168 41 0.5 0.5 0.5 0 0 0 0 1 1 1 0 0 0
1 591 886.5 0 0 0.566 0.609 0.976 51 0.5 0.5 0.5 0 0 0 0 1 1 1 0 0 0
2 592 888 0 0 0.935 0.99 0.878 293 0.5 0.5 0.5 0 0 0 0 1 1 1 0 0 0
3 593 889.5 0 0 0.682 0.061 0.307 147 0.5 0.5 0.5 0 0 0 0 1 1 1 0 0 0
4 594 891 0 0 0.015 0.873 0.053 167 0.5 0.5 0.5 0 0 0 0 1 1 1 0 0 0
0 595 892.5 0 0 0.188 0.331 0.878 194 0.5 0.5 0.5 0 0 0 0 1 1 1 0 0 0
1 596 894 0 0 0.385 0.678 0.977 9 0.5 0.5 0.5 0 0 0 0 1 1 1 0 0 0
2 597 895.5 0 0 0.911 0.482 0.499 169 0.5 0.5 0.5 0 0 0 0 1 1 1 0 0 0
3 598 897 0 0 0.966 0.885 0.271 78 0.5 0.5 0.5 0 0 0 0 1 1 1 0 0 0
4 599 898.5 0 0 0.679 0.735 0.085 41 0.5 0.5 0.5 0 0 0 0 1 1 1 0 0 0
0 600 900 0 0 0.015 0.844 0.243 344 0.5 0.5 0.5 0 0 0 0 1 1 1 0 0 0
1 601 901.5 0 0 0.294 0.991 0.019 138 0.5 0.5 0.5 0 0 0 0 1 1 1 0 0 0
2 602 903 0 0 0.63 0.197 0.575 27 0.5 0.5 0.5 0 0 0 0 1 1 1 0 0 0
3 603 904.5 0 0 0.352 0.768 0.619 237 0.5 0.5 0.5 0 0 0 0 1 1 1 0 0 0
4 604 906 0 0 0.747 0.774 0.483 168 0.5 0.5 0.5 0 0 0 0 1 1 1 0 0 0
0 605 907.5 0 0 0.942 0.449 0.381 187 0.5 0.5 0.5 0 0 0 0 1 1 1 0 0 0
1 606 909 0 0 0.376 0.511 0.511 211 0.5 0.5 0.5 0 0 0 0 1 1 1 0 0 0
2 607 910.5 0 0 0.982 0.405 0.244 3 0.5 0.5 0.5 0 0 0 0 1 1 1 0 0 0
3 608 912 0 0 0.413 0.24 0.963 77 0.5 0.5 0.5 0 0 0 0 1 1 1 0 0 0
4 609 913.5 0 0 0.713 0.212 0.96 56 0.5 0.5 0.5 0 0 0 0 1 1 1 0 0 0
0 610 915 0 0 0.069 0.257 0.584 331 0.5 0.5 0.5 0 0 0 0 1 1 1 0 0 0
1 611 916.5 0 0 0.996 0.89 0.551 320 0.5 0.5 0.5 0 0 0 0 1 1 1 0 0 0
2 612 918 0 0 0.711 0.144 0.108 157 0.5 0.5 0.5 0 0 0 0 1 1 1 0 0 0
3 613 919.5 0 0 0.463 0.383 0.631 151 0.5 0.5 0.5 0 0 0 0 1 1 1 0 0 0
4 614 921 0 0 0.718 0.998 0.049 303 0.5 0.5 0.5 0 0 0 0 1 1 1 0 0 0
0 615 922.5 0 0 0.705 0.685 0.061 290 0.5 0.5 0.5 0 0 0 0 1 1 1 0 0 0
1 616 924 0 0 0.209 0.37 0.526 299 0.5 0.5 0.5 0 0 0 0 1 1 1 0 0 0
2 617 925.5 0 0 0.683 0.517 0.394 44 0.5 0.5 0.5 0 0 0 0 1 1 1 0 0 0
3 618 927 0 0 0.02 0.221 0.549 190 0.5 0.5 0.5 0 0 0 0 1 1 1 0 0 0
4 619 928.5 0 0 0.568 0.946 0.553 317 0.5 0.5 0.5 0 0 0 0 1 1 1 0 0 0
0 620 930 0 0 0.533 0.356 0.108 199 0.5 0.5 0.5 0 0 0 0 1 1 1 0 0 0
1 621 931.5 0 0 0.588 0.643 0.938 270 0.5 0.5 0.5 0 0 0 0 1 1 1 0 0 0
2 622 933 0 0 0.776 0.737 0.972 179 0.5 0.5 0.5 0 0 0 0 1 1 1 0 0 0
3 623 934.5 0 0 0.818 0.006 0.689 286 0.5 0.5 0.5 0 0 0 0 1 1 1 0 0 0
4 624 936 0 0 0.835 0.41 0.117 323 0.5 0.5 0.5 0 0 0 0 1 1 1 0 0 0
0 625 937.5 0 0 0.683 0.6 0.2 39 0.5 0.5 0.5 0 0 0 0 1 1 1 0 0 0
1 626 939 0 0 0.058 0.473 0.944 132 0.5 0.5 0.5 0 0 0 0 1 1 1 0 0 0
2 627 940.5 0 0 0.022 0.782 0.585 225 0.5 0.5 0.5 0 0 0 0 1 1 1 0 0 0
3 628 942 0 0 0.821 0.658 0.827 118 0.5 0.5 0.5 0 0 0 0 1 1 1 0 0 0
4 629 943.5 0 0 0.163 0.423 0.765 167 0.5 0.5 0.5 0 0 0 0 1 1 1 0 0 0
0 630 945 0 0 0.381 0.104 0.065 326 0.5 0.5 0.5 0 0 0 0 1 1 1 0 0 0
1 631 946.5 0 0 0.487 0.095 0.896 246 0.5 0.5 0.5 0 0 0 0 1 1 1 0 0 0
2 632 948 0 0 0.379 0.985 0.079 117 0.5 0.5 0.5 0 0 0 0 1 1 1 0 0 0
3 633 949.5 0 0 0.931 0.686 0.73 81 0.5 0.5 0.5 0 0 0 0 1 1 1 0 0 0
4 634 951 0 0 0.881 0.845 0.864 254 0.5 0.5 0.5 0 0 0 0 1 1 1 0 0 0
0 635 952.5 0 0 0.276 0.543 0.919 167 0.5 0.5 0.5 0 0 0 0 1 1 1 0 0 0
1 636 954 0 0 0.838 0.051 0.61 52 0.5 0.5 0.5 0 0 0 0 1 1 1 0 0 0
2 637 955.5 0 0 0.541 0.282 0.96 322 0.5 0.5 0.5 0 0 0 0 1 1 1 0 0 0
3 638 957 0 0 0.79 0.387 0.271 81 0.5 0.5 0.5 0 0 0 0 1 1 1 0 0 0
4 639 958.5 0 0 0.152 0.282 0.688 162 0.5 0.5 0.5 0 0 0 0 1 1 1 0 0 0
0 640 960 0 0 0.976 0.701 0.453 312 0.5 0.5 0.5 0 0 0 0 1 1 1 0 0 0
1 641 961.5 0 0 0.145 0.6 0.72 345 0.5 0.5 0.5 0 0 0 0 1 1 1 0 0 0
2 642 963 0 0 0.999 0.617 0.87 220 0.5 0.5 0.5 0 0 0 0 1 1 1 0 0 0
3 643 964.5 0 0 0.292 0.742 0.836 29 0.5 0.5 0.5 0 0 0 0 1 1 1 0 0 0
4 644 966 0 0 0.434 0.213 0.192 62 0.5 0.5 0.5 0 0 0 0 1 1 1 0 0 0
0 645 967.5 0 0 0.041 0.308 0.843 241 0.5 0.5 0.5 0 0 0 0 1 1 1 0 0 0
1 646 969 0 0 0.379 0.859 0.998 188 0.5 0.5 0.5 0 0 0 0 1 1 1 0 0 0
2 647 970.5 0 0 0.991 0.262 0.155 171 0.5 0.5 0.5 0 0 0 0 1 1 1 0 0 0
3 648 972 0 0 0.956 0.079 0.437 68 0.5 0.5 0.5 0 0 0 0 1 1 1 0 0 0
4 649 973.5 0 0 0.782 0.996 0.683 31 0.5 0.5 0.5 0 0 0 0 1 1 1 0 0 0
0 650 975 0 0 0.117 0.821 0.912 21 0.5 0.5 0.5 0 0 0 0 1 1 1 0 0 0
1 651 976.5 0 0 0.46 0.953 0.231 171 0.5 0.5 0.5 0 0 0 0 1 1 1 0 0 0
2 652 978 0 0 0.343 0.577 0.773 159 0.5 0.5 0.5 0 0 0 0 1 1 1 0 0 0
3 653 979.5 0 0 0.489 0.957 0.583 274 0.5 0.5 0.5 0 0 0 0 1 1 1 0 0 0
4 654 981 0 0 0.34 0.542 0.814 230 0.5 0.5 0.5 0 0 0 0 1 1 1 0 0 0
0 655 982.5 0 0 0.914 0.027 0.464 153 0.5 0.5 0.5 0 0 0 0 1 1 1 0 0 0
1 656 984 0 0 0.693 0.392 0.697 259 0.5 0.5 0.5 0 0 0 0 1 1 1 0 0 0
2 657 985.5 0 0 0.802 0.364 0.906 285 0.5 0.5 0.5 0 0 0 0 1 1 1 0 0 0
3 658 987 0 0 0.987 0.401 0.176 298 0.5 0.5 0.5 0 0 0 0 1 1 1 0 0 0
4 659 988.5 0 0 0.444 0.122 0.008 18 0.5 0.5 0.5 0 0 0 0 1 1 1 0 0 0
0 660 990 0 0 0.654 0.72 0.178 309 0.5 0.5 0.5 0 0 0 0 1 1 1 0 0 0
1 661 991.5 0 0 0.979 0.285 0.659 189 0.5 0.5 0.5 0 0 0 0 1 1 1 0 0 0
2 662 993 0 0 0.289 0.605 0.448 103 0.5 0.5 0.5 0 0 0 0 1 1 1 0 0 0
3 663 994.5 0 0 0.339 0.937 0.792 132 0.5 0.5 0.5 0 0 0 0 1 1 1 0 0 0
4 664 996 0 0 0.756 0.59 0.289 266 0.5 0.5 0.5 0 0 0 0 1 1 1 0 0 0
0 665 997.5 0 0 0.597 0.558 0.293 208 0.5 0.5 0.5 0 0 0 0 1 1 1 0 0 0
1 666 999 0 0 0.016 0.822 0.238 210 0.5 0.5 0.5 0 0 0 0 1 1 1 0 0 0
2 667 1000.5 0 0 0.182 0.487 0.384 178 0.5 0.5 0.5 0 0 0 0 1 1 1 0 0 0
3 668 1002 0 0 0.807 0.504 0.23 40 0.5 0.5 0.5 0 0 0 0 1 1 1 0 0 0
4 669 1003.5 0 0 0.808 0.644 0.328 219 0.5 0.5 0.5 0 0 0 0 1 1 1 0 0 0
0 670 1005 0 0 0.194 0.968 0.323 24 0.5 0.5 0.5 0 0 0 0 1 1 1 0 0 0
1 671 1006.5 0 0 0.184 0.881 0.393 235 0.5 0.5 0.5 0 0 0 0 1 1 1 0 0 0
2 672 1008 0 0 0.992 0.147 0.963 156 0.5 0.5 0.5 0 0 0 0 1 1 1 0 0 0
3 673 1009.5 0 0 0.902 0.732 0.989 99 0.5 0.5 0.5 0 0 0 0 1 1 1 0 0 0
4 674 1011 0 0 0.734 0.922 0.369 286 0.5 0.5 0.5 0 0 0 0 1 1 1 0 0 0
0 675 1012.5 0 0 0.809 0.426 0.422 322 0.5 0.5 0.5 0 0 0 0 1 1 1 0 0 0
1 676 1014 0 0 0.665 0.171 0.609 289 0.5 0.5 0.5 0 0 0 0 1 1 1 0 0 0
2 677 1015.5 0 0 0.776 0.522 0.693 12 0.5 0.5 0.5 0 0 0 0 1 1 1 0 0 0
3 678 1017 0 0 0.838 0 0.327 121 0.5 0.5 0.5 0 0 0 0 1 1 1 0 0 0
4 679 1018.5 0 0 0.57 0.417 0.069 14 0.5 0.5 0.5 0 0 0 0 1 1 1 0 0 0
0 680 1020 0 0 0.211 0.91 0.169 279 0.5 0.5 0.5 0 0 0 0 1 1 1 0 0 0
1 681 1021.5 0 0 0.119 0.405 0.985 27 0.5 0.5 0.5 0 0 0 0 1 1 1 0 0 0
2 682 1023 0 0 0.019 0.598 0.001 278 0.5 0.5 0.5 0 0 0 0 1 1 1 0 0 0
3 683 1024.5 0 0 0.196 0.842 0.426 219 0.5 0.5 0.5 0 0 0 0 1 1 1 0 0 0
4 684 1026 0 0 0.142 0.016 0.996 120 0.5 0.5 0.5 0 0 0 0 1 1 1 0 0 0
0 685 1027.5 0 0 0.419 0.936 0.098 63 0.5 0.5 0.5 0 0 0 0 1 1 1 0 0 0
1 686 1029 0 0 0.966 0.283 0.205 137 0.5 0.5 0.5 0 0 0 0 1 1 1 0 0 0
2 687 1030.5 0 0 0.656 0.866 0.7 214 0.5 0.5 0.5 0 0 0 0 1 1 1 0 0 0
3 688 1032 0 0 0.499 0.014 0.514 219 0.5 0.5 0.5 0 0 0 0 1 1 1 0 0 0
4 689 1033.5 0 0 0.918 0.392 0.049 195 0.5 0.5 0.5 0 0 0 0 1 1 1 0 0 0
0 690 1035 0 0 0.872 0.659 0.03 249 0.5 0.5 0.5 0 0 0 0 1 1 1 0 0 0
1 691 1036.5 0 0 0.256 0.007 0.316 148 0.5 0.5 0.5 0 0 0 0 1 1 1 0 0 0
2 692 1038 0 0 0.572 0.478 0.926 340 0.5 0.5 0.5 0 0 0 0 1 1 1 0 0 0
3 693 1039.5 0 0 0.544 0.804 0.735 261 0.5 0.5 0.5 0 0 0 0 1 1 1 0 0 0
4 694 1041 0 0 0.834 0.619 0.7 97 0.5 0.5 0.5 0 0 0 0 1 1 1 0 0 0
0 695 1042.5 0 0 0.804 0.916 0.709 267 0.5 0.5 0.5 0 0 0 0 1 1 1 0 0 0
1 696 1044 0 0 0.369 0.509 0.767 217 0.5 0.5 0.5 0 0 0 0 1 1 1 0 0 0
2 697 1045.5 0 0 0.708 0.879 0.029 185 0.5 0.5 0.5 0 0 0 0 1 1 1 0 0 0
3 698 1047 0 0 0.413 0.591 0.977 216 0.5 0.5 0.5 0 0 0 0 1 1 1 0 0 0
4 699 1048.5 0 0 0.101 0.792 0.253 142 0.5 0.5 0.5 0 0 0 0 1 1 1 0 0 0
0 700 1050 0 0 0.644 0.215 0.703 270 0.5 0.5 0.5 0 0 0 0 1 1 1 0 0 0
1 701 1051.5 0 0 0.929 0.575 0.109 269 0.5 0.5 0.5 0 0 0 0 1 1 1 0 0 0
2 702 1053 0 0 0.426 0.486 0.948 337 0.5 0.5 0.5 0 0 0 0 1 1 1 0 0 0
3 703 1054.5 0 0 0.644 0.856 0.296 76 0.5 0.5 0.5 0 0 0 0 1 1 1 0 0 0
4 704 1056 0 0 0.453 0.658 0.927 96 0.5 0.5 0.5 0 0 0 0 1 1 1 0 0 0
0 705 1057.5 0 0 0.632 0.881 0.318 85 0.5 0.5 0.5 0 0 0 0 1 1 1 0 0 0
1 706 1059 0 0 0.114 0.404 0.361 106 0.5 0.5 0.5 0 0 0 0 1 1 1 0 0 0
2 707 1060.5 0 0 0.115 0.367 0.013 345 0.5 0.5 0.5 0 0 0 0 1 1 1 0 0 0
3 708 1062 0 0 0.862 0.866 0.488 245 0.5 0.5 0.5 0 0 0 0 1 1 1 0 0 0
4 709 1063.5 0 0 0.084 0.298 0.267 224 0.5 0.5 0.5 0 0 0 0 1 1 1 0 0 0
0 710 1065 0 0 0.237 0.118 0.014 64 0.5 0.5 0.5 0 0 0 0 1 1 1 0 0 0
1 711 1066.5 0 0 0.777 0.268 0.741 49 0.5 0.5 0.5 0 0 0 0 1 1 1 0 0 0
2 712 1068 0 0 0.199 0.477 0.386 354 0.5 0.5 0.5 0 0 0 0 1 1 1 0 0 0
3 713 1069.5 0 0 0.108 0.014 0.619 89 0.5 0.5 0.5 0 0 0 0 1 1 1 0 0 0
4 714 1071 0 0 0.102 0.553 0.326 191 0.5 0.5 0.5 0 0 0 0 1 1 1 0 0 0
0 715 1072.5 0 0 0.113 0.267 0.378 324 0.5 0.5 0.5 0 0 0 0 1 1 1 0 0 0
1 716 1074 0 0 0.922 0.519 0.135 194 0.5 0.5 0.5 0 0 0 0 1 1 1 0 0 0
2 717 1075.5 0 0 0.026 0.619 0.033 29 0.5 0.5 0.5 0 0 0 0 1 1 1 0 0 0
3 718 1077 0 0 0.957 0.194 0.425 214 0.5 0.5 0.5 0 0 0 0 1 1 1 0 0 0
4 719 1078.5 0 0 0.843 0.874 0.637 340 0.5 0.5 0.5 0 0 0 0 1 1 1 0 0 0
0 720 1080 0 0 0.479 0.126 0.697 348 0.5 0.5 0.5 0 0 0 0 1 1 1 0 0 0
1 721 1081.5 0 0 0.982 0.422 0.413 178 0.5 0.5 0.5 0 0 0 0 1 1 1 0 0 0
2 722 1083 0 0 0.091 0.173 0.48 297 0.5 0.5 0.5 0 0 0 0 1 1 1 0 0 0
3 723 1084.5 0 0 0.257 0.092 0.214 127 0.5 0.5 0.5 0 0 0 0 1 1 1 0 0 0
4 724 1086 0 0 0.103 0.478 0.967 349 0.5 0.5 0.5 0 0 0 0 1 1 1 0 0 0
0 725 1087.5 0 0 0.275 0.788 0.08 77 0.5 0.5 0.5 0 0 0 0 1 1 1 0 0 0
1 726 1089 0 0 0.856 0.841 0.333 244 0.5 0.5 0.5 0 0 0 0 1 1 1 0 0 0
2 727 1090.5 0 0 0.146 0.456 0.119 163 0.5 0.5 0.5 0 0 0 0 1 1 1 0 0 0
3 728 1092 0 0 0.98 0.053 0.41 88 0.5 0.5 0.5 0 0 0 0 1 1 1 0 0 0
4 729 1093.5 0 0 0.68 0.921 0.027 66 0.5 0.5 0.5 0 0 0 0 1 1 1 0 0 0
0 730 1095 0 0 0.143 0.386 0.592 206 0.5 0.5 0.5 0 0 0 0 1 1 1 0 0 0
1 731 1096.5 0 0 0.601 0.81 0.696 267 0.5 0.5 0.5 0 0 0 0 1 1 1 0 0 0
2 732 1098 0 0 0.807 0.263 0.693 141 0.5 0.5 0.5 0 0 0 0 1 1 1 0 0 0
3 733 1099.5 0 0 0.318 0.579 0.855 152 0.5 0.5 0.5 0 0 0 0 1 1 1 0 0 0
4 734 1101 0 0 0.095 0.405 0.891 258 0.5 0.5 0.5 0 0 0 0 1 1 1 0 0 0
0 735 1102.5 0 0 0.566 0.096 0.099 270 0.5 0.5 0.5 0 0 0 0 1 1 1 0 0 0
1 736 1104 0 0 0.815 0.082 0.704 262 0.5 0.5 0.5 0 0 0 0 1 1 1 0 0 0
2 737 1105.5 0 0 0.52 0.319 0.565 337 0.5 0.5 0.5 0 0 0 0 1 1 1 0 0 0
3 738 1107 0 0 0.747 0.527 0.59 6 0.5 0.5 0.5 0 0 0 0 1 1 1 0 0 0
4 739 1108.5 0 0 0.242 0.454 0.544 320 0.5 0.5 0.5 0 0 0 0 1 1 1 0 0 0
0 740 1110 0 0 0.016 0.61 0.955 66 0.5 0.5 0.5 0 0 0 0 1 1 1 0 0 0
1 741 1111.5 0 0 0.149 0.674 0.886 189 0.5 0.5 0.5 0 0 0 0 1 1 1 0 0 0
2 742 1113 0 0 0.418 0.213 0.106 319 0.5 0.5 0.5 0 0 0 0 1 1 1 0 0 0
3 743 1114.5 0 0 0.646 0.009 0.873 126 0.5 0.5 0.5 0 0 0 0 1 1 1 0 0 0
4 744 1116 0 0 0.912 0.093 0.68 62 0.5 0.5 0.5 0 0 0 0 1 1 1 0 0 0
0 745 1117.5 0 0 0.399 0.097 0.675 247 0.5 0.5 0.5 0 0 0 0 1 1 1 0 0 0
1 746 1119 0 0 0.974 0.612 0.4 74 0.5 0.5 0.5 0 0 0 0 1 1 1 0 0 0
2 747 1120.5 0 0 0.243 0.118 0.255 349 0.5 0.5 0.5 0 0 0 0 1 1 1 0 0 0
3 748 1122 0 0 0.907 0.167 0.624 173 0.5 0.5 0.5 0 0 0 0 1 1 1 0 0 0
4 749 1123.5 0 0 0.494 0.28 0.478 204 0.5 0.5 0.5 0 0 0 0 1 1 1 0 0 0
0 750 1125 0 0 0.457 0.505 0.218 60 0.5 0.5 0.5 0 0 0 0 1 1 1 0 0 0
1 751 1126.5 0 0 0.507 0.242 0.442 26 0.5 0.5 0.5 0 0 0 0 1 1 1 0 0 0
2 752 1128 0 0 0.855 0.574 0.908 46 0.5 0.5 0.5 0 0 0 0 1 1 1 0 0 0
3 753 1129.5 0 0 0.412 0.029 0.854 259 0.5 0.5 0.5 0 0 0 0 1 1 1 0 0 0
4 754 1131 0 0 0.482 0.177 0.808 34 0.5 0.5 0.5 0 0 0 0 1 1 1 0 0 0
0 755 1132.5 0 0 0.71 0.035 0.172 155 0.5 0.5 0.5 0 0 0 0 1 1 1 0 0 0
1 756 1134 0 0 0.703 0.103 0.428 94 0.5 0.5 0.5 0 0 0 0 1 1 1 0 0 0
2 757 1135.5 0 0 0.586 0.741 0.013 22 0.5 0.5 0.5 0 0 0 0 1 1 1 0 0 0
3 758 1137 0 0 0.963 0.273 0.627 144 0.5 0.5 0.5 0 0 0 0 1 1 1 0 0 0
4 759 1138.5 0 0 0.165 0.677 0.19 28 0.5 0.5 0.5 0 0 0 0 1 1 1 0 0 0
0 760 1140 0 0 0.812 0.07 0.115 17 0.5 0.5 0.5 0 0 0 0 1 1 1 0 0 0
1 761 1141.5 0 0 0.161 0.956 0.605 245 0.5 0.5 0.5 0 0 0 0 1 1 1 0 0 0
2 762 1143 0 0 0.349 0.902 0.061 149 0.5 0.5 0.5 0 0 0 0 1 1 1 0 0 0
3 763 1144.5 0 0 0.946 0.734 0.184 57 0.5 0.5 0.5 0 0 0 0 1 1 1 0 0 0
4 764 1146 0 0 0.286 0.032 0.56 156 0.5 0.5 0.5 0 0 0 0 1 1 1 0 0 0
0 765 1147.5 0 0 0.393 0.465 0.654 275 0.5 0.5 0.5 0 0 0 0 1 1 1 0 0 0
1 766 1149 0 0 0.809 0.957 0.662 100 0.5 0.5 0.5 0 0 0 0 1 1 1 0 0 0
2 767 1150.5 0 0 0.98 0.257 0.275 313 0.5 0.5 0.5 0 0 0 0 1 1 1 0 0 0
3 768 1152 0 0 0.839 0.267 0.189 69 0.5 0.5 0.5 0 0 0 0 1 1 1 0 0 0
4 769 1153.5 0 0 0.212 0.087 0.28 182 0.5 0.5 0.5 0 0 0 0 1 1 1 0 0 0
0 770 1155 0 0 0.24 0.987 0.336 283 0.5 0.5 0.5 0 0 0 0 1 1 1 0 0 0
1 771 1156.5 0 0 0.222 0.341 0.721 104 0.5 0.5 0.5 0 0 0 0 1 1 1 0 0 0
2 772 1158 0 0 0.118 0.251 0.675 232 0.5 0.5 0.5 0 0 0 0 1 1 1 0 0 0
3 773 1159.5 0 0 0.619 0.156 0.638 307 0.5 0.5 0.5 0 0 0 0 1 1 1 0 0 0
4 774 1161 0 0 0.988 0.213 0.578 112 0.5 0.5 0.5 0 0 0 0 1 1 1 0 0 0
0 775 1162.5 0 0 0.976 0.526 0.403 107 0.5 0.5 0.5 0 0 0 0 1 1 1 0 0 0
1 776 1164 0 0 0.343 0.606 0.483 243 0.5 0.5 0.5 0 0 0 0 1 1 1 0 0 0
2 777 1165.5 0 0 0.174 0.46 0.24 182 0.5 0.5 0.5 0 0 0 0 1 1 1 0 0 0
3 778 1167 0 0 0.707 0.776 0.735 238 0.5 0.5 0.5 0 0 0 0 1 1 1 0 0 0
4 779 1168.5 0 0 0.387 0.817 0.761 144 0.5 0.5 0.5 0 0 0 0 1 1 1 0 0 0
0 780 1170 0 0 0.321 0.809 0.054 161 0.5 0.5 0.5 0 0 0 0 1 1 1 0 0 0
1 781 1171.5 0 0 0.471 0.19 0.751 276 0.5 0.5 0.5 0 0 0 0 1 1 1 0 0 0
2 782 1173 0 0 0.305 0.145 0.096 323 0.5 0.5 0.5 0 0 0 0 1 1 1 0 0 0
3 783 1174.5 0 0 0.68 0.86 0.589 210 0.5 0.5 0.5 0 0 0 0 1 1 1 0 0 0
4 784 1176 0 0 0.621 0.44 0.508 162 0.5 0.5 0.5 0 0 0 0 1 1 1 0 0 0
0 785 1177.5 0 0 0.855 0.949 0.924 140 0.5 0.5 0.5 0 0 0 0 1 1 1 0 0 0
1 786 1179 0 0 0.654 0.134 0.524 123 0.5 0.5 0.5 0 0 0 0 1 1 1 0 0 0
2 787 1180.5 0 0 0.185 0.723 0.128 112 0.5 0.5 0.5 0 0 0 0 1 1 1 0 0 0
3 788 1182 0 0 0.365 0.432 0.439 80 0.5 0.5 0.5 0 0 0 0 1 1 1 0 0 0
4 789 1183.5 0 0 0.894 0.471 0.088 145 0.5 0.5 0.5 0 0 0 0 1 1 1 0 0 0
0 790 1185 0 0 0.763 0.842 0.558 93 0.5 0.5 0.5 0 0 0 0 1 1 1 0 0 0
1 791 1186.5 0 0 0.429 0.003 0.162 86 0.5 0.5 0.5 0 0 0 0 1 1 1 0 0 0
2 792 1188 0 0 0.321 0.407 0.472 122 0.5 0.5 0.5 0 0 0 0 1 1 1 0 0 0
3 793 1189.5 0 0 0.335 0.024 0.084 33 0.5 0.5 0.5 0 0 0 0 1 1 1 0 0 0
4 794 1191 0 0 0.105 0.371 0.431 341 0.5 0.5 0.5 0 0 0 0 1 1 1 0 0 0
0 795 1192.5 0 0 0.935 0.682 0.652 88 0.5 0.5 0.5 0 0 0 0 1 1 1 0 0 0
1 796 1194 0 0 0.306 0.066 0.968 77 0.5 0.5 0.5 0 0 0 0 1 1 1 0 0 0
2 797 1195.5 0 0 0.569 0.967 0.058 312 0.5 0.5 0.5 0 0 0 0 1 1 1 0 0 0
3 798 1197 0 0 0.945 0.07 0.775 159 0.5 0.5 0.5 0 0 0 0 1 1 1 0 0 0
4 799 1198.5 0 0 0.687 0.995 0.76 61 0.5 0.5 0.5 0 0 0 0 1 1 1 0 0 0
0 800 1200 0 0 0.979 0.293 0.512 349 0.5 0.5 0.5 0 0 0 0 1 1 1 0 0 0
1 801 1201.5 0 0 0.893 0.687 0.785 4 0.5 0.5 0.5 0 0 0 0 1 1 1 0 0 0
2 802 1203 0 0 0.203 0.248 0.343 170 0.5 0.5 0.5 0 0 0 0 1 1 1 0 0 0
3 803 1204.5 0 0 0.391 0.917 0.479 282 0.5 0.5 0.5 0 0 0 0 1 1 1 0 0 0
4 804 1206 0 0 0.394 0.637 0.776 159 0.5 0.5 0.5 0 0 0 0 1 1 1 0 0 0
0 805 1207.5 0 0 0.677 0.55 0.075 257 0.5 0.5 0.5 0 0 0 0 1 1 1 0 0 0
1 806 1209 0 0 0.786 0.35 0.48 121 0.5 0.5 0.5 0 0 0 0 1 1 1 0 0 0
2 807 1210.5 0 0 0.03 0.709 0.034 218 0.5 0.5 0.5 0 0 0 0 1 1 1 0 0 0
3 808 1212 0 0 0.946 0.097 0.155 305 0.5 0.5 0.5 0 0 0 0 1 1 1 0 0 0
4 809 1213.5 0 0 0.85 0.609 0.098 294 0.5 0.5 0.5 0 0 0 0 1 1 1 0 0 0
0 810 1215 0 0 0.446 0.742 0.844 266 0.5 0.5 0.5 0 0 0 0 1 1 1 0 0 0
1 811 1216.5 0 0 0.575 0.254 0.6 291 0.5 0.5 0.5 0 0 0 0 1 1 1 0 0 0
2 812 1218 0 0 0.156 0.523 0.088 311 0.5 0.5 0.5 0 0 0 0 1 1 1 0 0 0
3 813 1219.5 0 0 0.373 0.388 0.941 286 0.5 0.5 0.5 0 0 0 0 1 1 1 0 0 0
4 814 1221 0 0 0.111 0.115 0.571 250 0.5 0.5 0.5 0 0 0 0 1 1 1 0 0 0
0 815 1222.5 0 0 0.698 0.383 0.013 35 0.5 0.5 0.5 0 0 0 0 1 1 1 0 0 0
1 816 1224 0 0 0.999 0.338 0.393 110 0.5 0.5 0.5 0 0 0 0 1 1 1 0 0 0
2 817 1225.5 0 0 0.495 0.989 0.711 198 0.5 0.5 0.5 0 0 0 0 1 1 1 0 0 0
3 818 1227 0 0 0.984 0.275 0.142 150 0.5 0.5 0.5 0 0 0 0 1 1 1 0 0 0
4 819 1228.5 0 0 0.48 0.812 0.016 198 0.5 0.5 0.5 0 0 0 0 1 1 1 0 0 0
0 820 1230 0 0 0.543 0.779 0.895 68 0.5 0.5 0.5 0 0 0 0 1 1 1 0 0 0
1 821 1231.5 0 0 0.616 0.714 0.928 116 0.5 0.5 0.5 0 0 0 0 1 1 1 0 0 0
2 822 1233 0 0 0.864 0.779 0.407 51 0.5 0.5 0.5 0 0 0 0 1 1 1 0 0 0
3 823 1234.5 0 0 0.435 0.09 0.203 201 0.5 0.5 0.5 0 0 0 0 1 1 1 0 0 0
4 824 1236 0 0 0.267 0.914 0.915 181 0.5 0.5 0.5 0 0 0 0 1 1 1 0 0 0
0 825 1237.5 0 0 0.618 0.629 0.553 205 0.5 0.5 0.5 0 0 0 0 1 1 1 0 0 0
1 826 1239 0 0 0.786 0.257 0.214 14 0.5 0.5 0.5 0 0 0 0 1 1 1 0 0 0
2 827 1240.5 0 0 0.37 0.079 0.038 225 0.5 0.5 0.5 0 0 0 0 1 1 1 0 0 0
3 828 1242 0 0 0.628 0.981 0.045 23 0.5 0.5 0.5 0 0 0 0 1 1 1 0 0 0
4 829 1243.5 0 0 0.261 0.894 0.155 302 0.5 0.5 0.5 0 0 0 0 1 1 1 0 0 0
0 830 1245 0 0 0.573 0.744 0.508 28 0.5 0.5 0.5 0 0 0 0 1 1 1 0 0 0
1 831 1246.5 0 0 0.256 0.199 0.491 99 0.5 0.5 0.5 0 0 0 0 1 1 1 0 0 0
2 832 1248 0 0 0.46 0.24 0.568 174 0.5 0.5 0.5 0 0 0 0 1 1 1 0 0 0
3 833 1249.5 0 0 0.979 0.928 0.167 219 0.5 0.5 0.5 0 0 0 0 1 1 1 0 0 0
4 834 1251 0 0 0.475 0.542 0.891 337 0.5 0.5 0.5 0 0 0 0 1 1 1 0 0 0
0 835 1252.5 0 0 0.245 0.375 0.058 340 0.5 0.5 0.5 0 0 0 0 1 1 1 0 0 0
1 836 1254 0 0 0.299 0.617 0.619 335 0.5 0.5 0.5 0 0 0 0 1 1 1 0 0 0
2 837 1255.5 0 0 0.973 0.361 0.054 81 0.5 0.5 0.5 0 0 0 0 1 1 1 0 0 0
3 838 1257 0 0 0.19 0.089 0.787 284 0.5 0.5 0.5 0 0 0 0 1 1 1 0 0 0
4 839 1258.5 0 0 0.378 0.98 0.237 305 0.5 0.5 0.5 0 0 0 0 1 1 1 0 0 0
0 840 1260 0 0 0.714 0.18 0.592 32 0.5 0.5 0.5 0 0 0 0 1 1 1 0 0 0
1 841 1261.5 0 0 0.844 0.582 0.873 263 0.5 0.5 0.5 0 0 0 0 1 1 1 0 0 0
2 842 1263 0 0 0.029 0.204 0.469 112 0.5 0.5 0.5 0 0 0 0 1 1 1 0 0 0
3 843 1264.5 0 0 0.84 0.084 0.477 288 0.5 0.5 0.5 0 0 0 0 1 1 1 0 0 0
4 844 1266 0 0 0.636 0.158 0.856 13 0.5 0.5 0.5 0 0 0 0 1 1 1 0 0 0
0 845 1267.5 0 0 0.152 0.38 0.601 264 0.5 0.5 0.5 0 0 0 0 1 1 1 0 0 0
1 846 1269 0 0 0.482 0.109 0.922 147 0.5 0.5 0.5 0 0 0 0 1 1 1 0 0 0
2 847 1270.5 0 0 0.057 0.467 0.418 69 0.5 0.5 0.5 0 0 0 0 1 1 1 0 0 0
3 848 1272 0 0 0.983 0.814 0.459 19 0.5 0.5 0.5 0 0 0 0 1 1 1 0 0 0
4 849 1273.5 0 0 0.747 0.423 0.767 121 0.5 0.5 0.5 0 0 0 0 1 1 1 0 0 0
0 850 1275 0 0 0.542 0.53 0.172 82 0.5 0.5 0.5 0 0 0 0 1 1 1 0 0 0
1 851 1276.5 0 0 0.861 0.958 0.309 285 0.5 0.5 0.5 0 0 0 0 1 1 1 0 0 0
2 852 1278 0 0 0.998 0.526 0.924 192 0.5 0.5 0.5 0 0 0 0 1 1 1 0 0 0
3 853 1279.5 0 0 0.166 0.277 0.549 345 0.5 0.5 0.5 0 0 0 0 1 1 1 0 0 0
4 854 1281 0 0 0.106 0.318 0.684 322 0.5 0.5 0.5 0 0 0 0 1 1 1 0 0 0
0 855 1282.5 0 0 0.517 0.826 0.785 229 0.5 0.5 0.5 0 0 0 0 1 1 1 0 0 0
1 856 1284 0 0 0.105 0.902 0.57 321 0.5 0.5 0.5 0 0 0 0 1 1 1 0 0 0
2 857 1285.5 0 0 0.426 0.347 0.33 75 0.5 0.5 0.5 0 0 0 0 1 1 1 0 0 0
3 858 1287 0 0 0.231 0.255 0.153 200 0.5 0.5 0.5 0 0 0 0 1 1 1 0 0 0
4 859 1288.5 0 0 0.05 0.581 0.581 322 0.5 0.5 0.5 0 0 0 0 1 1 1 0 0 0
0 860 1290 0 0 0.706 0.857 0.919 145 0.5 0.5 0.5 0 0 0 0 1 1 1 0 0 0
1 861 1291.5 0 0 0.887 0.286 0.264 284 0.5 0.5 0.5 0 0 0 0 1 1 1 0 0 0
2 862 1293 0 0 0.838 0.675 0.838 25 0.5 0.5 0.5 0 0 0 0 1 1 1 0 0 0
3 863 1294.5 0 0 0.949 0.059 0.17 289 0.5 0.5 0.5 0 0 0 0 1 1 1 0 0 0
4 864 1296 0 0 0.042 0.956 0.484 15 0.5 0.5 0.5 0 0 0 0 1 1 1 0 0 0
0 865 1297.5 0 0 0.119 0.314 0.745 138 0.5 0.5 0.5 0 0 0 0 1 1 1 0 0 0
1 866 1299 0 0 0.432 0.333 0.724 9 0.5 0.5 0.5 0 0 0 0 1 1 1 0 0 0
2 867 1300.5 0 0 0.352 0.833 0.626 151 0.5 0.5 0.5 0 0 0 0 1 1 1 0 0 0
3 868 1302 0 0 0.361 0.269 0.866 160 0.5 0.5 0.5 0 0 0 0 1 1 1 0 0 0
4 869 1303.5 0 0 0.69 0.63 0.125 178 0.5 0.5 0.5 0 0 0 0 1 1 1 0 0 0
0 870 1305 0 0 0.806 0.892 0.546 199 0.5 0.5 0.5 0 0 0 0 1 1 1 0 0 0
1 871 1306.5 0 0 0.819 0.46 0.182 234 0.5 0.5 0.5 0 0 0 0 1 1 1 0 0 0
2 872 1308 0 0 0.872 0.936 0.922 264 0.5 0.5 0.5 0 0 0 0 1 1 1 0 0 0
3 873 1309.5 0 0 0.57 0.653 0.349 129 0.5 0.5 0.5 0 0 0 0 1 1 1 0 0 0
4 874 1311 0 0 0.065 0.163 0.659 78 0.5 0.5 0.5 0 0 0 0 1 1 1 0 0 0
0 875 1312.5 0 0 0.751 0.962 0.094 6 0.5 0.5 0.5 0 0 0 0 1 1 1 0 0 0
1 876 1314 0 0 0.984 0.795 0.484 124 0.5 0.5 0.5 0 0 0 0 1 1 1 0 0 0
2 877 1315.5 0 0 0.688 0.204 0.049 259 0.5 0.5 0.5 0 0 0 0 1 1 1 0 0 0
3 878 1317 0 0 0.026 0.593 0.895 317 0.5 0.5 0.5 0 0 0 0 1 1 1 0 0 0
4 879 1318.5 0 0 0.093 0.999 0.739 191 0.5 0.5 0.5 0 0 0 0 1 1 1 0 0 0
0 880 1320 0 0 0.028 0.482 0.834 10 0.5 0.5 0.5 0 0 0 0 1 1 1 0 0 0
1 881 1321.5 0 0 0.029 0.522 0.948 318 0.5 0.5 0.5 0 0 0 0 1 1 1 0 0 0
2 882 1323 0 0 0.473 0.897 0.128 207 0.5 0.5 0.5 0 0 0 0 1 1 1 0 0 0
3 883 1324.5 0 0 0.894 0.584 0.944 236 0.5 0.5 0.5 0 0 0 0 1 1 1 0 0 0
4 884 1326 0 0 0.954 0.219 0.422 214 0.5 0.5 0.5 0 0 0 0 1 1 1 0 0 0
0 885 1327.5 0 0 0.729 0.434 0.574 142 0.5 0.5 0.5 0 0 0 0 1 1 1 0 0 0
1 886 1329 0 0 0.097 0.386 0.67 138 0.5 0.5 0.5 0 0 0 0 1 1 1 0 0 0
2 887 1330.5 0 0 0.94 0.867 0.844 34 0.5 0.5 0.5 0 0 0 0 1 1 1 0 0 0
3 888 1332 0 0 0.829 0.986 0.567 317 0.5 0.5 0.5 0 0 0 0 1 1 1 0 0 0
4 889 1333.5 0 0 0.175 0.146 0.968 33 0.5 0.5 0.5 0 0 0 0 1 1 1 0 0 0
0 890 1335 0 0 0.818 0.599 0.762 123 0.5 0.5 0.5 0 0 0 0 1 1 1 0 0 0
1 891 1336.5 0 0 0.007 0.076 0.68 244 0.5 0.5 0.5 0 0 0 0 1 1 1 0 0 0
2 892 1338 0 0 0.766 0.541 0.718 197 0.5 0.5 0.5 0 0 0 0 1 1 1 0 0 0
3 893 1339.5 0 0 0.629 0.879 0.475 300 0.5 0.5 0.5 0 0 0 0 1 1 1 0 0 0
4 894 1341 0 0 0.044 0.095 0.814 87 0.5 0.5 0.5 0 0 0 0 1 1 1 0 0 0
0 895 1342.5 0 0 0.8 0.928 0.502 120 0.5 0.5 0.5 0 0 0 0 1 1 1 0 0 0
1 896 1344 0 0 0.949 0.289 0.39 10 0.5 0.5 0.5 0 0 0 0 1 1 1 0 0 0
2 897 1345.5 0 0 0.263 0.118 0.609 163 0.5 0.5 0.5 0 0 0 0 1 1 1 0 0 0
3 898 1347 0 0 0.914 0.317 0.354 219 0.5 0.5 0.5 0 0 0 0 1 1 1 0 0 0
4 899 1348.5 0 0 0.512 0.948 0.119 292 0.5 0.5 0.5 0 0 0 0 1 1 1 0 0 0
0 900 1350 0 0 0.267 0.674 0.414 138 0.5 0.5 0.5 0 0 0 0 1 1 1 0 0 0
1 901 1351.5 0 0 0.012 0.627 0.609 236 0.5 0.5 0.5 0 0 0 0 1 1 1 0 0 0
2 902 1353 0 0 0.476 0.224 0.735 179 0.5 0.5 0.5 0 0 0 0 1 1 1 0 0 0
3 903 1354.5 0 0 0.616 0.342 0.571 227 0.5 0.5 0.5 0 0 0 0 1 1 1 0 0 0
4 904 1356 0 0 0.41 0.445 0.041 49 0.5 0.5 0.5 0 0 0 0 1 1 1 0 0 0
0 905 1357.5 0 0 0.214 0.092 0.613 284 0.5 0.5 0.5 0 0 0 0 1 1 1 0 0 0
1 906 1359 0 0 0.162 0.083 0.39 126 0.5 0.5 0.5 0 0 0 0 1 1 1 0 0 0
2 907 1360.5 0 0 0.57 0.546 0.388 4 0.5 0.5 0.5 0 0 0 0 1 1 1 0 0 0
3 908 1362 0 0 0.194 0.28 0.638 60 0.5 0.5 0.5 0 0 0 0 1 1 1 0 0 0
4 909 1363.5 0 0 0.165 0.134 0.143 303 0.5 0.5 0.5 0 0 0 0 1 1 1 0 0 0
0 910 1365 0 0 0.582 0.029 0.001 359 0.5 0.5 0.5 0 0 0 0 1 1 1 0 0 0
1 911 1366.5 0 0 0.302 0.637 0.45 243 0.5 0.5 0.5 0 0 0 0 1 1 1 0 0 0
2 912 1368 0 0 0.893 0.192 0.647 225 0.5 0.5 0.5 0 0 0 0 1 1 1 0 0 0
3 913 1369.5 0 0 0.988 0.558 0.806 91 0.5 0.5 0.5 0 0 0 0 1 1 1 0 0 0
4 914 1371 0 0 0.85 0.074 0.52 133 0.5 0.5 0.5 0 0 0 0 1 1 1 0 0 0
0 915 1372.5 0 0 0.613 0.044 0.623 253 0.5 0.5 0.5 0 0 0 0 1 1 1 0 0 0
1 916 1374 0 0 0.635 0.241 0.284 268 0.5 0.5 0.5 0 0 0 0 1 1 1 0 0 0
2 917 1375.5 0 0 0.954 0.224 0.557 277 0.5 0.5 0.5 0 0 0 0 1 1 1 0 0 0
3 918 1377 0 0 0.213 0.214 0.341 171 0.5 0.5 0.5 0 0 0 0 1 1 1 0 0 0
4 919 1378.5 0 0 0.504 0.869 0.316 184 0.5 0.5 0.5 0 0 0 0 1 1 1 0 0 0
0 920 1380 0 0 0.662 0.016 0.032 291 0.5 0.5 0.5 0 0 0 0 1 1 1 0 0 0
1 921 1381.5 0 0 0.048 0.602 0.556 129 0.5 0.5 0.5 0 0 0 0 1 1 1 0 0 0
2 922 1383 0 0 0.385 0.752 0.32 95 0.5 0.5 0.5 0 0 0 0 1 1 1 0 0 0
3 923 1384.5 0 0 0.04 0.22 0.577 207 0.5 0.5 0.5 0 0 0 0 1 1 1 0 0 0
4 924 1386 0 0 0.798 0.347 0.106 314 0.5 0.5 0.5 0 0 0 0 1 1 1 0 0 0
0 925 1387.5 0 0 0.905 0.481 0.339 21 0.5 0.5 0.5 0 0 0 0 1 1 1 0 0 0
1 926 1389 0 0 0.104 0.932 0.178 174 0.5 0.5 0.5 0 0 0 0 1 1 1 0 0 0
2 927 1390.5 0 0 0.143 0.998 0.192 176 0.5 0.5 0.5 0 0 0 0 1 1 1 0 0 0
3 928 1392 0 0 0.637 0.087 0.949 294 0.5 0.5 0.5 0 0 0 0 1 1 1 0 0 0
4 929 1393.5 0 0 0.292 0.146 0.541 333 0.5 0.5 0.5 0 0 0 0 1 1 1 0 0 0
0 930 1395 0 0 0.529 0.494 0.06 197 0.5 0.5 0.5 0 0 0 0 1 1 1 0 0 0
1 931 1396.5 0 0 0.989 0.377 0.777 249 0.5 0.5 0.5 0 0 0 0 1 1 1 0 0 0
2 932 1398 0 0 0.011 0.68 0.856 37 0.5 0.5 0.5 0 0 0 0 1 1 1 0 0 0
3 933 1399.5 0 0 0.819 0.625 0.594 279 0.5 0.5 0.5 0 0 0 0 1 1 1 0 0 0
4 934 1401 0 0 0.806 0.549 0.632 161 0.5 0.5 0.5 0 0 0 0 1 1 1 0 0 0
0 935 1402.5 0 0 0.339 0.512 0.878 142 0.5 0.5 0.5 0 0 0 0 1 1 1 0 0 0
1 936 1404 0 0 0.553 0.555 0.845 235 0.5 0.5 0.5 0 0 0 0 1 1 1 0 0 0
2 937 1405.5 0 0 0.422 0.173 0.987 56 0.5 0.5 0.5 0 0 0 0 1 1 1 0 0 0
3 938 1407 0 0 0.16 0.893 0.943 199 0.5 0.5 0.5 0 0 0 0 1 1 1 0 0 0
4 939 1408.5 0 0 0.866 0.722 0.295 164 0.5 0.5 0.5 0 0 0 0 1 1 1 0 0 0
0 940 1410 0 0 0.489 0.463 0.676 301 0.5 0.5 0.5 0 0 0 0 1 1 1 0 0 0
1 941 1411.5 0 0 0.768 0.977 0.433 84 0.5 0.5 0.5 0 0 0 0 1 1 1 0 0 0
2 942 1413 0 0 0.76 0.65 0.752 211 0.5 0.5 0.5 0 0 0 0 1 1 1 0 0 0
3 943 1414.5 0 0 0.02 0.036 0.486 96 0.5 0.5 0.5 0 0 0 0 1 1 1 0 0 0
4 944 1416 0 0 0.036 0.254 0.792 65 0.5 0.5 0.5 0 0 0 0 1 1 1 0 0 0
0 945 1417.5 0 0 0.575 0.571 0.429 217 0.5 0.5 0.5 0 0 0 0 1 1 1 0 0 0
1 946 1419 0 0 0.047 0.523 0.094 156 0.5 0.5 0.5 0 0 0 0 1 1 1 0 0 0
2 947 1420.5 0 0 0.816 0.297 0.052 215 0.5 0.5 0.5 0 0 0 0 1 1 1 0 0 0
3 948 1422 0 0 0.266 0.135 0.872 123 0.5 0.5 0.5 0 0 0 0 1 1 1 0 0 0
4 949 1423.5 0 0 0.255 0.383 0.817 60 0.5 0.5 0.5 0 0 0 0 1 1 1 0 0 0
0 950 1425 0 0 0.294 0.036 0.977 5 0.5 0.5 0.5 0 0 0 0 1 1 1 0 0 0
1 951 1426.5 0 0 0.777 0.488 0.673 183 0.5 0.5 0.5 0 0 0 0 1 1 1 0 0 0
2 952 1428 0 0 0.364 0.535 0.63 9 0.5 0.5 0.5 0 0 0 0 1 1 1 0 0 0
3 953 1429.5 0 0 0.695 0.219 0.18 33 0.5 0.5 0.5 0 0 0 0 1 1 1 0 0 0
4 954 1431 0 0 0.542 0.41 0.571 68 0.5 0.5 0.5 0 0 0 0 1 1 1 0 0 0
0 955 1432.5 0 0 0.183 0.901 0.206 75 0.5 0.5 0.5 0 0 0 0 1 1 1 0 0 0
1 956 1434 0 0 0.028 0.658 0.211 263 0.5 0.5 0.5 0 0 0 0 1 1 1 0 0 0
2 957 1435.5 0 0 0.361 0.596 0.944 222 0.5 0.5 0.5 0 0 0 0 1 1 1 0 0 0
3 958 1437 0 0 0.32 0.186 0.443 230 0.5 0.5 0.5 0 0 0 0 1 1 1 0 0 0
4 959 1438.5 0 0 0.243 0.389 0.942 322 0.5 0.5 0.5 0 0 0 0 1 1 1 0 0 0
0 960 1440 0 0 0.098 0.662 0.288 267 0.5 0.5 0.5 0 0 0 0 1 1 1 0 0 0
1 961 1441.5 0 0 0.158 0.135 0.167 328 0.5 0.5 0.5 0 0 0 0 1 1 1 0 0 0
2 962 1443 0 0 0.885 0.792 0.588 256 0.5 0.5 0.5 0 0 0 0 1 1 1 0 0 0
3 963 1444.5 0 0 0.351 0.774 0.768 255 0.5 0.5 0.5 0 0 0 0 1 1 1 0 0 0
4 964 1446 0 0 0.584 0.135 0.622 336 0.5 0.5 0.5 0 0 0 0 1 1 1 0 0 0
0 965 1447.5 0 0 0.063 0.665 0.4 355 0.5 0.5 0.5 0 0 0 0 1 1 1 0 0 0
1 966 1449 0 0 0.406 0.331 0.519 103 0.5 0.5 0.5 0 0 0 0 1 1 1 0 0 0
2 967 1450.5 0 0 0.787 0.86 0.037 193 0.5 0.5 0.5 0 0 0 0 1 1 1 0 0 0
3 968 1452 0 0 0.526 0.347 0.694 246 0.5 0.5 0.5 0 0 0 0 1 1 1 0 0 0
4 969 1453.5 0 0 0.612 0.702 0.558 205 0.5 0.5 0.5 0 0 0 0 1 1 1 0 0 0
0 970 1455 0 0 0.435 0.591 0.828 248 0.5 0.5 0.5 0 0 0 0 1 1 1 0 0 0
1 971 1456.5 0 0 0.439 0.916 0.055 324 0.5 0.5 0.5 0 0 0 0 1 1 1 0 0 0
2 972 1458 0 0 0.093 0.654 0.496 263 0.5 0.5 0.5 0 0 0 0 1 1 1 0 0 0
3 973 1459.5 0 0 0.375 0.468 0.009 355 0.5 0.5 0.5 0 0 0 0 1 1 1 0 0 0
4 974 1461 0 0 0.935 0.153 0.66 192 0.5 0.5 0.5 0 0 0 0 1 1 1 0 0 0
0 975 1462.5 0 0 0.511 0.851 0.551 318 0.5 0.5 0.5 0 0 0 0 1 1 1 0 0 0
1 976 1464 0 0 0.447 0.054 0.166 18 0.5 0.5 0.5 0 0 0 0 1 1 1 0 0 0
2 977 1465.5 0 0 0.208 0.064 0.369 1 0.5 0.5 0.5 0 0 0 0 1 1 1 0 0 0
3 978 1467 0 0 0.906 0.478 0.896 227 0.5 0.5 0.5 0 0 0 0 1 1 1 0 0 0
4 979 1468.5 0 0 0.537 0.695 0.165 322 0.5 0.5 0.5 0 0 0 0 1 1 1 0 0 0
0 980 1470 0 0 0.837 0.287 0.081 268 0.5 0.5 0.5 0 0 0 0 1 1 1 0 0 0
1 981 1471.5 0 0 0.585 0.487 0.673 252 0.5 0.5 0.5 0 0 0 0 1 1 1 0 0 0
2 982 1473 0 0 0.948 0.779 0.322 312 0.5 0.5 0.5 0 0 0 0 1 1 1 0 0 0
3 983 1474.5 0 0 0.255 0.612 0.619 255 0.5 0.5 0.5 0 0 0 0 1 1 1 0 0 0
4 984 1476 0 0 0.623 0.927 0.722 329 0.5 0.5 0.5 0 0 0 0 1 1 1 0 0 0
0 985 1477.5 0 0 0.299 0.269 0.161 163 0.5 0.5 0.5 0 0 0 0 1 1 1 0 0 0
1 986 1479 0 0 0.128 0.573 0.026 354 0.5 0.5 0.5 0 0 0 0 1 1 1 0 0 0
2 987 1480.5 0 0 0.235 0.311 0.505 56 0.5 0.5 0.5 0 0 0 0 1 1 1 0 0 0
3 988 1482 0 0 0.446 0.786 0.161 174 0.5 0.5 0.5 0 0 0 0 1 1 1 0 0 0
4 989 1483.5 0 0 0.415 0.033 0.61 209 0.5 0.5 0.5 0 0 0 0 1 1 1 0 0 0
0 990 1485 0 0 0.837 0.32 0.89 216 0.5 0.5 0.5 0 0 0 0 1 1 1 0 0 0
1 991 1486.5 0 0 0.133 0.526 0.921 52 0.5 0.5 0.5 0 0 0 0 1 1 1 0 0 0
2 992 1488 0 0 0.092 0.862 0.537 56 0.5 0.5 0.5 0 0 0 0 1 1 1 0 0 0
3 993 1489.5 0 0 0.509 0.662 0.269 180 0.5 0.5 0.5 0 0 0 0 1 1 1 0 0 0
4 994 1491 0 0 0.59 0.443 0.217 341 0.5 0.5 0.5 0 0 0 0 1 1 1 0 0 0
0 995 1492.5 0 0 0.63 0.796 0.564 175 0.5 0.5 0.5 0 0 0 0 1 1 1 0 0 0
1 996 1494 0 0 0.209 0.119 0.841 85 0.5 0.5 0.5 0 0 0 0 1 1 1 0 0 0
2 997 1495.5 0 0 0.624 0.249 0.348 136 0.5 0.5 0.5 0 0 0 0 1 1 1 0 0 0
3 998 1497 0 0 0.882 0.802 0.371 311 0.5 0.5 0.5 0 0 0 0 1 1 1 0 0 0
4 999 1498.5 0 0 0.223 0.808 0.986 246 0.5 0.5 0.5 0 0 0 0 1 1 1 0 0 0
