Scenario_3
300
1 0 -7.10312 1.71941 1.60222 0.291 0.892 0.621 161 0.231667 0.231667 0.231667 0.0224958 0.83932 0.091586 0.495102 1 1 1 0.053252 -0.00886502 0.0061273
1 250 8.87246 -0.940092 3.44041 0.341 0.565 0.384 63 0.265 0.265 0.265 0.0249336 0.14423 0.450331 0.422895 1 1 1 -0.053252 0.00886502 -0.0061273
1 1 -6.91879 2.65133 0.450087 0.294 0.953 0.203 199 0.4 0.4 0.4 0.00615009 0.331065 0.509262 0.77987 1 1 1 0.0626126 0.000551774 -0.00637633
1 251 11.865 2.81686 -1.46281 0.486 0.597 0.778 85 0.178333 0.178333 0.178333 0.0215632 0.473464 0.919736 0.588794 1 1 1 -0.0626126 -0.000551774 0.00637633
1 2 -5.29252 -2.72408 2.5649 0.334 0.939 0.313 173 0.47 0.47 0.47 0.0025013 0.214667 0.590716 0.693136 1 1 1 0.035635 0.0152064 -0.000555844
1 252 5.39799 1.83782 2.39814 0.388 0.253 0.075 93 0.0566667 0.0566667 0.0566667 0.0376537 0.0301218 0.662343 0.967437 1 1 1 -0.035635 -0.0152064 0.000555844
1 3 -11.0764 -3.9458 -2.48872 0.525 0.868 0.608 114 0.353333 0.353333 0.353333 0.01549 0.779839 0.601825 0.0810266 1 1 1 0.056106 0.0182818 -0.00413912
1 253 5.75542 1.53874 -3.73046 0.539 0.519 0.317 356 0.45 0.45 0.45 0.0048085 0.802789 0.58739 0.342784 1 1 1 -0.056106 -0.0182818 0.00413912
1 4 -7.72204 2.64815 -3.8789 0.147 0.378 0.111 46 0.01 0.01 0.01 0.0189837 0.261635 0.527268 0.0943327 1 1 1 0.0613479 -0.0026661 0.0070217
1 254 10.6823 1.84832 -1.77239 0.697 0.191 0.614 33 0.258333 0.258333 0.258333 0.037445 0.197058 0.478103 0.980987 1 1 1 -0.0613479 0.0026661 -0.0070217
1 5 -5.12601 -0.800928 3.39964 0.202 0.182 0.312 204 0.0166667 0.0166667 0.0166667 0.010148 0.925382 0.500443 0.336894 1 1 1 0.0355577 0.00430108 -0.0177219
1 255 5.54131 0.489395 -1.91693 0.091 0.919 0.208 147 0.453333 0.453333 0.453333 0.0324558 0.133549 0.750816 0.00216681 1 1 1 -0.0355577 -0.00430108 0.0177219
1 6 -10.4738 0.613178 0.429334 0.21 0.693 0.681 215 0.00666667 0.00666667 0.00666667 0.013842 0.418989 0.477706 0.265725 1 1 1 0.0698141 0.00215583 -0.0104674
1 256 10.4704 1.25993 -2.7109 0.254 0.718 0.178 192 0.12 0.12 0.12 0.0392663 0.209449 0.192602 0.426435 1 1 1 -0.0698141 -0.00215583 0.0104674
1 7 -6.08087 1.83953 -0.720115 0.494 0.762 0.805 307 0.116667 0.116667 0.116667 0.0217658 0.111759 0.250526 0.81222 1 1 1 0.0487287 0.00491551 0.00855495
1 257 8.53774 3.31419 1.84637 0.278 0.036 0.765 310 0.0416667 0.0416667 0.0416667 0.0340257 0.89407 0.0212104 0.111972 1 1 1 -0.0487287 -0.00491551 -0.00855495
1 8 -6.23981 2.15253 2.91208 0.325 0.258 0.089 71 0.243333 0.243333 0.243333 0.0301364 0.638295 0.389111 0.692343 1 1 1 0.0571282 0.00430514 -0.00900906
1 258 10.8986 3.44407 0.209357 0.147 0.087 0.431 334 0.468333 0.468333 0.468333 0.0316941 0.225623 0.111118 0.30491 1 1 1 -0.0571282 -0.00430514 0.00900906
1 9 -9.06241 2.43281 -1.9162 0.706 0.535 0.247 282 0.245 0.245 0.245 0.0396228 0.365917 0.211646 0.375408 1 1 1 0.0667118 0.00309254 0.000363781
1 259 10.9511 3.36058 -1.80706 0.247 0.721 0.148 60 0.451667 0.451667 0.451667 0.00976592 0.979461 0.729118 0.019013 1 1 1 -0.0667118 -0.00309254 -0.000363781
1 10 -11.3225 -0.550676 -2.74215 0.94 0.902 0.27 99 0.045 0.045 0.045 0.0212995 0.00509659 0.372356 0.179662 1 1 1 0.0760529 -0.00491551 0.00540544
1 260 11.4934 -2.02533 -1.12052 0.29 0.176 0.016 8 0.105 0.105 0.105 0.0173919 0.775048 0.623585 0.964324 1 1 1 -0.0760529 0.00491551 -0.00540544
1 11 -6.30134 1.13932 1.50749 0.374 0.656 0.567 303 0.24 0.24 0.24 0.0323618 0.0809656 0.162877 0.463454 1 1 1 0.0372651 -0.00153244 -0.00661397
1 261 4.8782 0.679586 -0.476699 0.854 0.996 0.534 160 0.305 0.305 0.305 0.0236262 0.0916471 0.81109 0.243141 1 1 1 -0.0372651 0.00153244 0.00661397
1 12 -4.63161 -1.10929 -3.57836 0.552 0.533 0.593 7 0.41 0.41 0.41 0.00536027 0.484939 0.119877 0.381054 1 1 1 0.0493448 0.00913114 0.00345307
1 262 10.1718 1.63005 -2.54244 0.123 0.661 0.252 276 0.338333 0.338333 0.338333 0.0385827 0.660787 0.903714 0.532884 1 1 1 -0.0493448 -0.00913114 -0.00345307
1 13 -6.13923 0.822657 -2.98703 0.293 0.532 0.487 135 0.118333 0.118333 0.118333 0.0347032 0.825098 0.0333262 0.171545 1 1 1 0.0448199 0.00734235 -3.74365e-05
1 263 7.30674 3.02536 -2.99826 0.228 0.155 0.069 352 0.143333 0.143333 0.143333 0.0212152 0.20423 0.321512 0.973266 1 1 1 -0.0448199 -0.00734235 3.74365e-05
1 14 -10.6884 -1.93304 -2.37715 0.731 0.172 0.885 112 0.258333 0.258333 0.258333 0.00416272 0.794366 0.948851 0.449873 1 1 1 0.0631009 0.0177447 0.0124792
1 264 8.24183 3.39036 1.36662 0.64 0.108 0.701 94 0.376667 0.376667 0.376667 0.0275057 0.986847 0.233222 0.47792 1 1 1 -0.0631009 -0.0177447 -0.0124792
1 15 -4.02515 0.049684 2.82833 0.214 0.062 0.454 134 0.14 0.14 0.14 0.0191668 0.274819 0.257668 0.468154 1 1 1 0.043801 0.0093525 -0.0175608
1 265 9.11515 2.85543 -2.43989 0.866 0.778 0.641 33 0.32 0.32 0.32 0.0327769 0.152165 0.569323 0.688406 1 1 1 -0.043801 -0.0093525 0.0175608
1 16 -6.62191 2.77145 3.34739 0.214 0.881 0.129 267 0.218333 0.218333 0.218333 0.00758202 0.397168 0.468917 0.81698 1 1 1 0.0467462 -0.0177732 -0.0168413
1 266 7.40196 -2.5605 -1.70501 0.713 0.305 0.956 203 0.43 0.43 0.43 0.00190191 0.310373 0.95114 0.289315 1 1 1 -0.0467462 0.0177732 0.0168413
1 17 -9.51921 2.08979 0.946684 0.34 0.981 0.904 139 0.281667 0.281667 0.281667 0.0327879 0.273965 0.756432 0.534593 1 1 1 0.0453025 0.000801619 -0.0135079
1 267 4.07154 2.33027 -3.10569 0.496 0.517 0.835 32 0.218333 0.218333 0.218333 0.00115848 0.346721 0.879665 0.903897 1 1 1 -0.0453025 -0.000801619 0.0135079
1 18 -5.17118 4 2.34639 0.841 0.792 0.728 118 0.386667 0.386667 0.386667 0.00274178 0.625507 0.875423 0.0930815 1 1 1 0.0397091 -0.0127844 0.002837
1 268 6.74154 0.164678 3.19749 0.031 0.282 0.81 217 0.418333 0.418333 0.418333 0.00546892 0.919279 0.0278939 0.288095 1 1 1 -0.0397091 0.0127844 -0.002837
1 19 -9.28947 -0.0841091 -1.87274 0.95 0.245 0.187 146 0.191667 0.191667 0.191667 0.0388354 0.0169683 0.541612 0.230232 1 1 1 0.0637519 -0.00534359 0.0077989
1 269 9.83612 -1.68719 0.466933 0.337 0.203 0.564 2 0.12 0.12 0.12 0.0347813 0.615314 0.980621 0.0424207 1 1 1 -0.0637519 0.00534359 -0.0077989
1 20 -9.68499 2.95236 -1.36345 0.277 0.967 0.897 158 0.215 0.215 0.215 0.0282394 0.92581 0.867214 0.0960112 1 1 1 0.0580836 0.000678732 0.00219082
1 270 7.7401 3.15598 -0.706198 0.82 0.324 0.816 20 0.03 0.03 0.03 0.0333384 0.234199 0.264748 0.560076 1 1 1 -0.0580836 -0.000678732 -0.00219082
1 21 -10.1142 1.2045 -1.10538 0.039 0.37 0.834 247 0.111667 0.111667 0.111667 0.0235359 0.357616 0.947142 0.682058 1 1 1 0.0635745 -0.00611428 -0.00796492
1 271 8.95816 -0.62978 -3.49486 0.332 0.623 0.47 220 0.1 0.1 0.1 0.00559954 0.166356 0.0149541 0.430067 1 1 1 -0.0635745 0.00611428 0.00796492
1 22 -9.12076 -3.96924 0.500626 0.948 0.267 0.694 263 0.395 0.395 0.395 0.0133573 0.230018 0.18955 0.00311289 1 1 1 0.0679635 0.00725201 -0.00477065
1 272 11.2683 -1.79363 -0.93057 0.313 0.379 0.846 82 0.32 0.32 0.32 0.0225373 0.336253 0.117649 0.0144047 1 1 1 -0.0679635 -0.00725201 0.00477065
1 23 -9.88079 -2.66597 2.53926 0.102 0.451 0.181 257 0.268333 0.268333 0.268333 0.0077871 0.2425 0.484237 0.999512 1 1 1 0.0658654 0.0181272 -0.0051206
1 273 9.87884 2.77218 1.00308 0.108 0.008 0.945 67 0.125 0.125 0.125 0.0120829 0.679067 0.176885 0.417493 1 1 1 -0.0658654 -0.0181272 0.0051206
1 24 -5.04569 -0.15833 1.4865 0.83 0.904 0.719 350 0.286667 0.286667 0.286667 0.00228645 0.451643 0.802393 0.628559 1 1 1 0.0387732 0.00823593 -0.000701518
1 274 6.58626 2.31245 1.27604 0.238 0.54 0.03 311 0.263333 0.263333 0.263333 0.0274642 0.619007 0.146855 0.567248 1 1 1 -0.0387732 -0.00823593 0.000701518
1 25 -8.58632 -3.61254 0.11658 0.006 0.636 0.006 3 0.0916667 0.0916667 0.0916667 0.00387707 0.269814 0.322062 0.114566 1 1 1 0.0683867 0.0236807 -0.00465834
1 275 11.9297 3.49168 -1.28092 0.904 0.737 0.231 171 0.158333 0.158333 0.158333 0.0271773 0.518357 0.973663 0.625965 1 1 1 -0.0683867 -0.0236807 0.00465834
1 26 -6.63631 -3.80663 1.40788 0.317 0.083 0.607 320 0.251667 0.251667 0.251667 0.00334483 0.106845 0.672872 0.825678 1 1 1 0.0499429 0.0216006 0.00840765
1 276 8.34657 2.67354 3.93017 0.22 0.293 0.241 56 0.243333 0.243333 0.243333 0.0203534 0.566088 0.0908841 0.45027 1 1 1 -0.0499429 -0.0216006 -0.00840765
1 27 -11.3366 0.150029 3.44871 0.078 0.841 0.013 355 0.31 0.31 0.31 0.0372082 0.372753 0.393048 0.746361 1 1 1 0.0722279 0.010181 -0.0242341
1 277 10.3317 3.20432 -3.82153 0.139 0.985 0.584 187 0.206667 0.206667 0.206667 0.0112699 0.0746178 0.112339 0.318491 1 1 1 -0.0722279 -0.010181 0.0242341
1 28 -9.67864 -2.90207 3.34446 0.081 0.018 0.421 27 0.206667 0.206667 0.206667 0.0231953 0.0605792 0.193732 0.0143742 1 1 1 0.0508984 0.00198004 -0.00676778
1 278 5.59087 -2.30805 1.31413 0.877 0.459 0.496 171 0.213333 0.213333 0.213333 0.0367455 0.653462 0.565844 0.644337 1 1 1 -0.0508984 -0.00198004 0.00676778
1 29 -7.34776 -2.89035 2.1225 0.44 0.929 0.843 318 0.39 0.39 0.39 0.0330052 0.628224 0.123325 0.491104 1 1 1 0.0551539 0.0206004 0.00182948
1 279 9.1984 3.28977 2.67135 0.268 0.572 0.765 182 0.268333 0.268333 0.268333 0.01017 0.228614 0.0116276 0.895871 1 1 1 -0.0551539 -0.0206004 -0.00182948
1 30 -7.56774 -2.22968 2.64058 0.867 0.642 0.22 324 0.103333 0.103333 0.103333 0.00606098 0.397595 0.226051 0.833461 1 1 1 0.0477342 0.000678732 -0.0188816
1 280 6.75253 -2.02606 -3.0239 0.609 0.906 0.588 108 0.461667 0.461667 0.461667 0.0259517 0.376598 0.38963 0.438002 1 1 1 -0.0477342 -0.000678732 0.0188816
1 31 -4.94412 3.45897 0.49086 0.637 0.792 0.721 233 0.255 0.255 0.255 0.00804712 0.190374 0.788385 0.0368969 1 1 1 0.0515893 -0.0187644 0.00920764
1 281 10.5327 -2.17035 3.25315 0.046 0.302 0.208 258 0.195 0.195 0.195 0.0380688 0.941343 0.938475 0.517808 1 1 1 -0.0515893 0.0187644 -0.00920764
1 32 -10.3083 1.62932 -0.0926542 0.125 0.087 0.683 110 0.04 0.04 0.04 0.0379516 0.418622 0.767235 0.917814 1 1 1 0.0498754 0.00566342 0.0027426
1 282 4.65432 3.32835 0.730125 0.77 0.031 0.806 49 0.343333 0.343333 0.343333 0.0065334 0.40318 0.531083 0.111118 1 1 1 -0.0498754 -0.00566342 -0.0027426
1 33 -10.5605 0.0919218 -1.32804 0.662 0.154 0.697 265 0.06 0.06 0.06 0.00737693 0.349284 0.493332 0.503739 1 1 1 0.0726284 -0.00493912 0.016913
1 283 11.228 -1.38981 3.74584 0.296 0.286 0.88 116 0.368333 0.368333 0.368333 0.0255037 0.96878 0.769677 0.849086 1 1 1 -0.0726284 0.00493912 -0.016913
1 34 -7.51427 -2.70455 -1.97919 0.336 0.863 0.212 280 0.37 0.37 0.37 0.0158721 0.761406 0.243965 0.80105 1 1 1 0.0434177 0.0215705 0.0121154
1 284 5.51103 3.76659 1.65545 0.688 0.776 0.174 134 0.473333 0.473333 0.473333 0.00675924 0.850063 0.684347 0.743614 1 1 1 -0.0434177 -0.0215705 -0.0121154
1 35 -7.74035 -2.39326 -2.4499 0.661 0.662 0.203 18 0.113333 0.113333 0.113333 0.0260225 0.714438 0.778497 0.908048 1 1 1 0.0526977 -0.00495783 0.0206216
1 285 8.06897 -3.88061 3.73656 0.028 0.111 0.545 121 0.413333 0.413333 0.413333 0.0323435 0.701804 0.378918 0.930509 1 1 1 -0.0526977 0.00495783 -0.0206216
1 36 -11.4094 -0.406384 -0.877102 0.876 0.87 0.183 39 0.356667 0.356667 0.356667 0.0220551 0.646809 0.430342 0.942564 1 1 1 0.071122 -0.010299 -0.00675476
1 286 9.92718 -3.49608 -2.90353 0.3 0.962 0.71 16 0.075 0.075 0.075 0.030079 0.685812 0.46791 0.148717 1 1 1 -0.071122 0.010299 0.00675476
1 37 -8.13684 -2.69552 3.7749 0.881 0.36 0.385 291 0.495 0.495 0.495 0.0357176 0.523331 0.849849 0.7528 1 1 1 0.0628917 0.0108149 -0.00732282
1 287 10.7307 0.548967 1.57805 0.747 0.56 0.385 150 0.015 0.015 0.015 0.00573748 0.131046 0.648213 0.175024 1 1 1 -0.0628917 -0.0108149 0.00732282
1 38 -11.8262 2.55147 1.62102 0.346 0.345 0.423 127 0.265 0.265 0.265 0.00316416 0.249977 0.990661 0.880062 1 1 1 0.0724143 0.00135828 -0.0131881
1 288 9.89813 2.95895 -2.3354 0.016 0.449 0.751 333 0.121667 0.121667 0.121667 0.00559099 0.258065 0.249031 0.932035 1 1 1 -0.0724143 -0.00135828 0.0131881
1 39 -6.51228 0.189337 2.76144 0.148 0.028 0.891 135 0.161667 0.161667 0.161667 0.0366161 0.0751976 0.434492 0.742241 1 1 1 0.0443039 0.00868191 -0.011243
1 289 6.77889 2.79391 -0.611469 0.406 0.317 0.643 280 0.143333 0.143333 0.143333 0.0031019 0.936766 0.104709 0.48909 1 1 1 -0.0443039 -0.00868191 0.011243
1 40 -11.2068 -3.60057 -2.81198 0.668 0.574 0.227 245 0.22 0.22 0.22 0.034525 0.196295 0.647359 0.50679 1 1 1 0.070055 0.00451023 0.010159
1 290 9.80975 -2.24751 0.235725 0.741 0.402 0.354 65 0.281667 0.281667 0.281667 0.00351451 0.945891 0.592792 0.674612 1 1 1 -0.070055 -0.00451023 -0.010159
1 41 -7.73888 -0.031373 3.69091 0.655 0.345 0.578 69 0.0416667 0.0416667 0.0416667 0.0140165 0.289499 0.261086 0.621784 1 1 1 0.0480288 -0.00172287 -0.0121285
1 291 6.66976 -0.548234 0.0523696 0.807 0.219 0.943 36 0.485 0.485 0.485 7.56859e-05 0.703513 0.18247 0.518265 1 1 1 -0.0480288 0.00172287 0.0121285
1 42 -11.6025 0.571673 -0.236946 0.178 0.138 0.693 103 0.00166667 0.00166667 0.00166667 0.00933622 0.182653 0.974242 0.474013 1 1 1 0.0634704 -0.00954131 0.0039609
1 292 7.43858 -2.29072 0.951323 0.811 0.915 0.16 145 0.47 0.47 0.47 0.0356554 0.936888 0.336314 0.242012 1 1 1 -0.0634704 0.00954131 -0.0039609
1 43 -5.79717 0.0523696 -3.49071 0.986 0.915 0.303 224 0.0883333 0.0883333 0.0883333 7.44652e-05 0.389416 0.16541 0.142766 1 1 1 0.0484919 0.00590513 -0.000968454
1 293 8.75039 1.82391 -3.78124 0.389 0.966 0.087 110 0.165 0.165 0.165 0.00349498 0.260201 0.109104 0.0187689 1 1 1 -0.0484919 -0.00590513 0.000968454
1 44 -9.67449 0.704733 2.55049 0.19 0.857 0.582 65 0.105 0.105 0.105 0.0328953 0.72335 0.814081 0.718162 1 1 1 0.0554216 -0.00615904 -0.00776961
1 294 6.95199 -1.14298 0.219611 0.715 0.417 0.65 131 0.223333 0.223333 0.223333 0.000870388 0.129856 0.288095 0.217536 1 1 1 -0.0554216 0.00615904 0.00776961
1 45 -10.7785 -1.44572 -3.07053 0.128 0.127 0.716 294 0.158333 0.158333 0.158333 0.000528581 0.710715 0.820734 0.152409 1 1 1 0.050122 -0.00546648 0.00791365
1 295 4.25806 -3.08567 -0.696432 0.17 0.069 0.451 205 0.286667 0.286667 0.286667 0.0293625 0.144841 0.417524 0.353313 1 1 1 -0.050122 0.00546648 -0.00791365
1 46 -7.69274 -2.36079 -0.980376 0.16 0.273 0.951 40 0.405 0.405 0.405 0.00180548 0.0212714 0.32197 0.113376 1 1 1 0.0520019 0.0126241 0.00231127
1 296 7.90783 1.42643 -0.286996 0.103 0.384 0.776 12 0.2 0.2 0.2 0.0155473 0.162023 0.552171 0.461104 1 1 1 -0.0520019 -0.0126241 -0.00231127
1 47 -11.8826 -2.7087 3.42918 0.417 0.026 0.425 228 0.24 0.24 0.24 0.0264144 0.63506 0.0932035 0.808588 1 1 1 0.0606789 -0.00287037 -0.0231395
1 297 6.32112 -3.56981 -3.51268 0.767 0.86 0.316 4 0.323333 0.323333 0.323333 0.0258113 0.194372 0.0826441 0.112308 1 1 1 -0.0606789 0.00287037 0.0231395
1 48 -8.53749 0.418104 3.90698 0.714 0.358 0.177 186 0.143333 0.143333 0.143333 0.0082107 0.964202 0.633015 0.248756 1 1 1 0.0626411 0.00810978 -0.0151217
1 298 10.2548 2.85104 -0.629536 0.735 0.358 0.596 103 0.338333 0.338333 0.338333 0.00906278 0.561266 0.477279 0.792627 1 1 1 -0.0626411 -0.00810978 0.0151217
1 49 -4.41798 2.78292 2.25117 0.638 0.4 0.328 167 0.146667 0.146667 0.146667 0.0307797 0.648793 0.0226447 0.919645 1 1 1 0.0379219 -0.0166696 0.0048854
1 299 6.95859 -2.21796 3.71679 0.493 0.904 0.195 289 0.38 0.38 0.38 0.0210797 0.259499 0.28312 0.85989 1 1 1 -0.0379219 0.0166696 -0.0048854
1 50 -10.6972 3.28758 2.21308 0.276 0.998 0.356 75 0.256667 0.256667 0.256667 0.00900174 0.245369 0.155339 0.330638 1 1 1 0.07343 -0.0150656 0.000611997
1 300 11.3318 -1.23209 2.39668 0.117 0.047 0.831 331 0.171667 0.171667 0.171667 0.0242561 0.0235908 0.231147 0.800745 1 1 1 -0.07343 0.0150656 -0.000611997
1 51 -8.80459 3.25217 -3.5952 0.496 0.584 0.937 52 0.141667 0.141667 0.141667 0.0304111 0.526444 0.427686 0.409314 1 1 1 0.0496133 -0.00722841 0.00766299
1 301 6.07941 1.08365 -1.2963 0.22 0.013 0.466 298 0.08 0.08 0.08 0.0164788 0.0445875 0.78811 0.00500504 1 1 1 -0.0496133 0.00722841 -0.00766299
1 52 -11.2705 2.69723 2.20502 0.168 0.933 0.635 169 0.0383333 0.0383333 0.0383333 3.90637e-05 0.610218 0.488235 0.210089 1 1 1 0.073797 -0.00893338 -0.0198142
1 302 10.8686 0.0172124 -3.73925 0.129 0.721 0.194 165 0.341667 0.341667 0.341667 0.0228999 0.815516 0.999786 0.776299 1 1 1 -0.073797 0.00893338 0.0198142
1 53 -9.56951 1.62493 2.665 0.335 0.846 0.709 280 0.306667 0.306667 0.306667 0.0125504 0.639332 0.136296 0.906552 1 1 1 0.0601784 0.0017538 -0.0157964
1 303 8.48402 2.15107 -2.07392 0.479 0.194 0.929 250 0.338333 0.338333 0.338333 0.024355 0.0725425 0.968841 0.797662 1 1 1 -0.0601784 -0.0017538 0.0157964
1 54 -8.965 -1.70037 0.415174 0.398 0.241 0.765 280 0.176667 0.176667 0.176667 0.0153728 0.226936 0.964934 0.535173 1 1 1 0.0565007 0.0111421 -0.00905301
1 304 7.98523 1.64226 -2.30073 0.357 0.008 0.254 9 0.131667 0.131667 0.131667 0.036162 0.301126 0.811396 0.771111 1 1 1 -0.0565007 -0.0111421 0.00905301
1 55 -6.3509 0.530168 0.571673 0.006 0.495 0.677 239 0.323333 0.323333 0.323333 0.0266109 0.389203 0.841517 0.460311 1 1 1 0.0373783 0.00324798 -0.00981313
1 305 4.86258 1.50456 -2.37226 0.55 0.123 0.138 190 0.123333 0.123333 0.123333 0.011066 0.774529 0.435499 0.449782 1 1 1 -0.0373783 -0.00324798 0.00981313
1 56 -7.09775 1.95062 2.64205 0.831 0.35 0.74 253 0.1 0.1 0.1 0.0314597 0.182867 0.820582 0.0281991 1 1 1 0.0443031 -0.00687195 -0.00309661
1 306 6.19318 -0.110965 1.71307 0.649 0.754 0.067 84 0.241667 0.241667 0.241667 0.02008 0.594867 0.986023 0.781335 1 1 1 -0.0443031 0.00687195 0.00309661
1 57 -8.89517 3.30076 1.43107 0.493 0.36 0.779 64 0.231667 0.231667 0.231667 0.0208966 0.766778 0.581469 0.379467 1 1 1 0.0589748 -0.0197809 0.00462091
1 307 8.79727 -2.6335 2.81735 0.026 0.629 0.796 325 0.461667 0.461667 0.461667 0.0249507 0.704856 0.298929 0.381451 1 1 1 -0.0589748 0.0197809 -0.00462091
1 58 -8.5956 -1.29118 -3.05148 0.981 0.682 0.889 302 0.398333 0.398333 0.398333 0.0163811 0.105564 0.985382 0.888333 1 1 1 0.0632986 0.0083287 0.0187343
1 308 10.394 1.20743 2.5688 0.519 0.123 0.436 35 0.278333 0.278333 0.278333 0.0160308 0.338542 0.209449 0.0562456 1 1 1 -0.0632986 -0.0083287 -0.0187343
1 59 -8.05847 -1.02847 -2.68551 0.476 0.11 0.415 222 0.375 0.375 0.375 0.0243245 0.0353099 0.845271 0.197638 1 1 1 0.0460585 0.0123075 0.00984893
1 309 5.75909 2.66378 0.269173 0.675 0.637 0.323 259 0.09 0.09 0.09 0.029288 0.880886 0.0571917 0.592059 1 1 1 -0.0460585 -0.0123075 -0.00984893
1 60 -10.9944 3.83642 -1.33512 0.105 0.897 0.972 240 0.21 0.21 0.21 0.00406629 0.90875 0.502396 0.318552 1 1 1 0.0629137 -0.0152886 0.000446791
1 310 7.87976 -0.750145 -1.20109 0.399 0.152 0.072 300 0.428333 0.428333 0.428333 0.0161943 0.603748 0.232551 0.531785 1 1 1 -0.0629137 0.0152886 -0.000446791
1 61 -10.8068 3.28147 -1.94086 0.502 0.286 0.387 7 0.175 0.175 0.175 0.033137 0.539384 0.303232 0.762993 1 1 1 0.0563933 -0.0175225 0.0182167
1 311 6.11115 -1.97528 3.52416 0.308 0.88 0.405 5 0.115 0.115 0.115 0.000273446 0.247871 0.107486 0.156194 1 1 1 -0.0563933 0.0175225 -0.0182167
1 62 -9.43889 -0.201788 -0.614399 0.834 0.913 0.208 126 0.493333 0.493333 0.493333 0.0335069 0.663503 0.570574 0.17835 1 1 1 0.0492398 0.000245776 -0.00394543
1 312 5.33305 -0.128056 -1.79803 0.346 0.696 0.161 292 0.428333 0.428333 0.428333 0.0140251 0.919279 0.195441 0.38908 1 1 1 -0.0492398 -0.000245776 0.00394543
1 63 -11.2148 3.67186 -3.73241 0.162 0.997 0.614 72 0.391667 0.391667 0.391667 0.00262581 0.638173 0.16245 0.453047 1 1 1 0.0710707 -0.0229662 0.0187343
1 313 10.1064 -3.21799 1.88788 0.101 0.914 0.941 319 0.233333 0.233333 0.233333 0.00999176 0.268715 0.882778 0.844966 1 1 1 -0.0710707 0.0229662 -0.0187343
1 64 -7.68444 1.26261 3.97143 0.74 0.31 0.74 247 0.135 0.135 0.135 0.0329722 0.594409 0.212745 0.760979 1 1 1 0.058375 -0.0104333 -0.0171009
1 314 9.82806 -1.86737 -1.15885 0.834 0.83 0.456 119 0.248333 0.248333 0.248333 0.0397229 0.423353 0.57683 0.738121 1 1 1 -0.058375 0.0104333 0.0171009
1 65 -9.46696 0.287728 -3.69115 0.874 0.184 0.076 159 0.181667 0.181667 0.181667 0.0238533 0.764275 0.147191 0.514756 1 1 1 0.0478522 -0.0077224 0.0037436
1 315 4.8887 -2.02899 -2.56807 0.694 0.066 0.523 143 0.0533333 0.0533333 0.0533333 0.014373 0.638874 0.613422 0.871853 1 1 1 -0.0478522 0.0077224 -0.0037436
1 66 -5.09452 0.101199 3.54833 0.421 0.046 0.594 359 0.265 0.265 0.265 0.00923978 0.200476 0.568529 0.695608 1 1 1 0.0497427 0.0106424 -0.00500666
1 316 9.8283 3.29392 2.04633 0.776 0.711 0.141 218 0.345 0.345 0.345 0.0206952 0.141148 0.768029 0.426283 1 1 1 -0.0497427 -0.0106424 0.00500666
1 67 -6.85653 -1.02335 3.31663 0.6 0.476 0.131 182 0.306667 0.306667 0.306667 0.00535905 0.607318 0.104434 0.529008 1 1 1 0.0544971 0.0145122 -0.00441013
1 317 9.4926 3.3303 1.99359 0.754 0.836 0.376 123 0.423333 0.423333 0.423333 0.0261727 0.126194 0.714072 0.764061 1 1 1 -0.0544971 -0.0145122 0.00441013
1 68 -7.64269 -1.61223 -3.49193 0.377 0.237 0.379 332 0.095 0.095 0.095 0.0218024 0.501511 0.812342 0.974883 1 1 1 0.0394381 0.00477635 0.0163465
1 318 4.18873 -0.179327 1.41203 0.531 0.913 0.395 219 0.165 0.165 0.165 0.0270357 0.386975 0.272347 0.972076 1 1 1 -0.0394381 -0.00477635 -0.0163465
1 69 -8.78726 -3.7102 -3.81005 0.243 0.829 0.086 157 0.0733333 0.0733333 0.0733333 0.0198956 0.422376 0.234291 0.000732444 1 1 1 0.0554338 0.020038 0.019951
1 319 7.84289 2.30122 2.17524 0.136 0.989 0.614 102 0.483333 0.483333 0.483333 0.0329331 0.535813 0.795251 0.35844 1 1 1 -0.0554338 -0.020038 -0.019951
1 70 -6.91195 1.40056 1.50871 0.326 0.337 0.312 138 0.35 0.35 0.35 0.022093 0.408887 0.696371 0.107181 1 1 1 0.0468895 -0.0167307 0.0076337
1 320 7.15488 -3.61864 3.79882 0.559 0.672 0.785 301 0.296667 0.296667 0.296667 0.0219819 0.291574 0.529283 0.623432 1 1 1 -0.0468895 0.0167307 -0.0076337
1 71 -11.7712 -3.5183 -3.40477 0.749 0.778 0.821 168 0.278333 0.278333 0.278333 0.0361315 0.463729 0.945524 0.0736412 1 1 1 0.0717559 0.00182297 -0.000831731
1 321 9.75555 -2.9714 -3.65429 0.378 0.426 0.173 86 0.203333 0.203333 0.203333 0.0199603 0.799799 0.30015 0.922636 1 1 1 -0.0717559 -0.00182297 0.000831731
1 72 -7.09409 2.62008 -1.52702 0.775 0.847 0.386 135 0.0366667 0.0366667 0.0366667 0.0377001 0.22187 0.718497 0.394024 1 1 1 0.0415214 0.000757672 0.0128682
1 322 5.36235 2.84738 2.33345 0.186 0.21 0.529 136 0.475 0.475 0.475 0.0373949 0.454695 0.363659 0.541673 1 1 1 -0.0415214 -0.000757672 -0.0128682
1 73 -6.43001 -3.49095 1.96283 0.128 0.68 0.817 308 0.463333 0.463333 0.463333 0.0353795 0.543413 0.335856 0.370098 1 1 1 0.047888 0.0228392 -0.007746
1 323 7.9364 3.36082 -0.360973 0.938 0.2 0.303 272 0.338333 0.338333 0.338333 0.018283 0.192236 0.766381 0.401105 1 1 1 -0.047888 -0.0228392 0.007746
1 74 -11.991 0.730125 -2.4106 0.949 0.795 0.625 335 0.00333333 0.00333333 0.00333333 0.02159 0.248634 0.915342 0.332316 1 1 1 0.0760969 -0.004791 -0.000607929
1 324 10.8381 -0.707175 -2.59297 0.336 0.763 0.428 231 0.23 0.23 0.23 0.0142167 0.722282 0.0599078 0.109806 1 1 1 -0.0760969 0.004791 0.000607929
1 75 -4.49513 3.03293 -1.51115 0.155 0.122 0.628 293 0.423333 0.423333 0.423333 0.033314 0.714743 0.297769 0.955901 1 1 1 0.0382596 0.00271818 0.00821884
1 325 6.98276 3.84838 0.954497 0.607 0.228 0.035 209 0.123333 0.123333 0.123333 0.0176299 0.669057 0.712485 0.786401 1 1 1 -0.0382596 -0.00271818 -0.00821884
1 76 -4.01294 0.617573 -3.68725 0.048 0.986 0.719 327 0.358333 0.358333 0.358333 0.00632221 0.552355 0.28016 0.141697 1 1 1 0.0467063 0.0012598 0.017883
1 326 9.99896 0.995514 1.67766 0.383 0.513 0.659 95 0.433333 0.433333 0.433333 0.0279513 0.0887173 0.0612812 0.366375 1 1 1 -0.0467063 -0.0012598 -0.017883
1 77 -9.80755 1.41594 -1.86395 0.864 0.174 0.598 130 0.351667 0.351667 0.351667 0.00668477 0.0809961 0.248604 0.430189 1 1 1 0.0472988 -0.0155677 0.00607278
1 327 4.38209 -3.25437 -0.0421154 0.291 0.467 0.909 253 0.391667 0.391667 0.391667 0.0243916 0.332591 0.149937 0.61504 1 1 1 -0.0472988 0.0155677 -0.00607278
1 78 -11.1809 -1.62761 0.362926 0.113 0.41 0.654 333 0.318333 0.318333 0.318333 0.00327158 0.82226 0.805872 0.417066 1 1 1 0.0661137 0.0168796 -0.0109826
1 328 8.65322 3.43626 -2.93185 0.33 0.616 0.103 5 0.363333 0.363333 0.363333 0.0191217 0.724479 0.294107 0.563707 1 1 1 -0.0661137 -0.0168796 0.0109826
1 79 -5.31645 -3.27464 3.63231 0.48 0.401 0.264 70 0.351667 0.351667 0.351667 0.0050441 0.728965 0.486312 0.140263 1 1 1 0.0560979 0.000948109 -0.0251765
1 329 11.5129 -2.9902 -3.92065 0.192 0.698 0.131 67 0.34 0.34 0.34 0.0245943 0.0217597 0.719687 0.588763 1 1 1 -0.0560979 -0.000948109 0.0251765
1 80 -6.12384 -1.71184 -3.27488 0.426 0.487 0.501 77 0.348333 0.348333 0.348333 0.00684347 0.369823 0.152959 0.905667 1 1 1 0.0370763 0.00336762 0.023474
1 330 4.99905 -0.70156 3.76733 0.29 0.83 0.744 239 0.293333 0.293333 0.293333 0.0287484 0.128117 0.116825 0.851894 1 1 1 -0.0370763 -0.00336762 -0.023474
1 81 -4.08155 -1.26896 -2.5295 0.212 0.504 0.684 191 0.0783333 0.0783333 0.0783333 0.0074575 0.787561 0.169652 0.5215 1 1 1 0.0490835 -0.00476496 0.0134867
1 331 10.6435 -2.69845 1.51653 0.509 0.238 0.144 343 0.0283333 0.0283333 0.0283333 0.0118668 0.0267953 0.453871 0.320536 1 1 1 -0.0490835 0.00476496 -0.0134867
1 82 -5.08133 -2.13886 -1.34904 0.996 0.319 0.285 172 0.226667 0.226667 0.226667 0.0236958 0.249794 0.942534 0.409558 1 1 1 0.0523576 0.0186952 -0.00473891
1 332 10.6259 3.46971 -2.77071 0.423 0.848 0.232 298 0.1 0.1 0.1 0.0188116 0.403851 0.894528 0.0870693 1 1 1 -0.0523576 -0.0186952 0.00473891
1 83 -4.27174 -1.09439 2.91012 0.045 0.8 0.066 10 0.131667 0.131667 0.131667 0.00422864 0.611347 0.924039 0.562059 1 1 1 0.0406832 0.00692811 -0.0155986
1 333 7.93323 0.984039 -1.76946 0.004 0.812 0.02 277 0.195 0.195 0.195 0.000407727 0.929044 0.162633 0.205664 1 1 1 -0.0406832 -0.00692811 0.0155986
1 84 -6.9017 -3.20945 2.65719 0.495 0.863 0.545 288 0.36 0.36 0.36 0.00695334 0.506302 0.674154 0.813013 1 1 1 0.04805 0.00416354 -0.00494237
1 334 7.51329 -1.96039 1.17447 0.73 0.386 0.976 305 0.035 0.035 0.035 0.0377209 0.6639 0.19779 0.765282 1 1 1 -0.04805 -0.00416354 0.00494237
1 85 -8.16468 3.42528 0.975493 0.98 0.238 0.028 244 0.321667 0.321667 0.321667 0.0236116 0.0892666 0.0715049 0.392804 1 1 1 0.0486571 -0.0143372 -0.00675232
1 335 6.43245 -0.875881 -1.0502 0.79 0.409 0.72 19 0.478333 0.478333 0.478333 0.0229597 0.565691 0.445784 0.417951 1 1 1 -0.0486571 0.0143372 0.00675232
1 86 -4.04224 -2.02069 1.52629 0.356 0.179 0.496 190 0.391667 0.391667 0.391667 0.0154326 0.543931 0.26896 0.234748 1 1 1 0.0435796 -0.00225918 -0.0164613
1 336 9.03165 -2.69845 -3.41209 0.613 0.521 0.705 267 0.336667 0.336667 0.336667 0.0107877 0.555589 0.627338 0.0807825 1 1 1 -0.0435796 0.00225918 0.0164613
1 87 -9.14811 2.16889 -0.543108 0.754 0.111 0.297 226 0.0566667 0.0566667 0.0566667 0.0235359 0.0781274 0.48674 0.00219733 1 1 1 0.0674337 0.00440931 -0.0109647
1 337 11.082 3.49168 -3.83251 0.5 0.69 0.262 294 0.413333 0.413333 0.413333 0.0337681 0.119968 0.329539 0.0306406 1 1 1 -0.0674337 -0.00440931 0.0109647
1 88 -9.57073 0.533097 -2.69405 0.261 0.376 0.061 33 0.473333 0.473333 0.473333 0.0378564 0.62389 0.237587 0.305368 1 1 1 0.0617084 0.000729189 0.00471775
1 338 8.9418 0.751854 -1.27873 0.577 0.083 0.404 349 0.318333 0.318333 0.318333 0.0356908 0.91406 0.262825 0.109928 1 1 1 -0.0617084 -0.000729189 -0.00471775
1 89 -10.7187 1.71892 -2.08954 0.936 0.232 0.74 17 0.491667 0.491667 0.491667 0.00832179 0.961272 0.0770592 0.0760521 1 1 1 0.0681051 -0.00719911 0.00410738
1 339 9.71282 -0.440809 -0.857326 0.383 0.396 0.974 171 0.418333 0.418333 0.418333 0.0365587 0.335673 0.528153 0.262703 1 1 1 -0.0681051 0.00719911 -0.00410738
1 90 -4.16309 0.760399 -1.68938 0.842 0.324 0.495 328 0.31 0.31 0.31 0.00207038 0.484939 0.473067 0.569659 1 1 1 0.0485285 0.00443292 -0.00073163
1 340 10.3955 2.09027 -1.90887 0.486 0.684 0.802 123 0.428333 0.428333 0.428333 0.0229463 0.539232 0.737358 0.11951 1 1 1 -0.0485285 -0.00443292 0.00073163
1 91 -5.48247 2.36079 0.657857 0.094 0.414 0.454 37 0.146667 0.146667 0.146667 0.0104019 0.33198 0.888211 0.962462 1 1 1 0.0517643 0.0038079 -0.00586037
1 341 10.0468 3.50316 -1.10025 0.56 0.205 0.737 271 0.178333 0.178333 0.178333 0.0375072 0.857112 0.330821 0.849818 1 1 1 -0.0517643 -0.0038079 0.00586037
1 92 -11.1059 1.17325 0.119267 0.012 0.436 0.72 104 0.381667 0.381667 0.381667 0.0092703 0.0896939 0.668874 0.0138249 1 1 1 0.0601361 -0.00984812 -0.00879666
1 342 6.9349 -1.78118 -2.51973 0.661 0.81 0.307 346 0.075 0.075 0.075 0.00137333 0.0984832 0.936521 0.000549333 1 1 1 -0.0601361 0.00984812 0.00879666
1 93 -10.1557 -0.917142 -2.2143 0.359 0.486 0.63 253 0.331667 0.331667 0.331667 0.0170342 0.802393 0.83462 0.761467 1 1 1 0.0495075 0.000397961 -0.0018539
1 343 4.69655 -0.797754 -2.77047 0.96 0.296 0.937 191 0.03 0.03 0.03 0.0231977 0.693899 0.113193 0.540361 1 1 1 -0.0495075 -0.000397961 0.0018539
1 94 -11.2937 3.48729 -1.42326 0.758 0.076 0.416 85 0.483333 0.483333 0.483333 0.0332139 0.49559 0.361797 0.718162 1 1 1 0.0759561 -0.0174794 0.00786564
1 344 11.4931 -1.75652 0.93643 0.512 0.53 0.265 352 0.341667 0.341667 0.341667 0.0085696 0.153813 0.322733 0.826807 1 1 1 -0.0759561 0.0174794 -0.00786564
1 95 -4.56252 -1.42277 2.1474 0.747 0.47 0.655 172 0.146667 0.146667 0.146667 0.00202643 0.936796 0.0549944 0.540117 1 1 1 0.0424272 0.01554 0.00513443
1 345 8.16566 3.23923 3.68773 0.88 0.675 0.862 272 0.393333 0.393333 0.393333 0.00360118 0.810999 0.474227 0.716788 1 1 1 -0.0424272 -0.01554 -0.00513443
1 96 -10.2314 1.6198 2.79391 0.998 0.505 0.122 156 0.116667 0.116667 0.116667 0.00443495 0.851009 0.600085 0.633961 1 1 1 0.0520817 -0.00382173 -6.75472e-05
1 346 5.39311 0.473281 2.77364 0.863 0.672 0.893 217 0.308333 0.308333 0.308333 0.00637471 0.314188 0.884426 0.538224 1 1 1 -0.0520817 0.00382173 6.75472e-05
1 97 -6.63778 -3.76196 -1.63909 0.49 0.289 0.434 200 0.09 0.09 0.09 0.0224543 0.310373 0.892819 0.672292 1 1 1 0.0416175 0.0188702 0.00744896
1 347 5.84747 1.89911 0.595599 0.312 0.883 0.569 119 0.331667 0.331667 0.331667 4.51674e-05 0.843226 0.997864 0.141453 1 1 1 -0.0416175 -0.0188702 -0.00744896
1 98 -9.03311 -1.30705 0.146855 0.455 0.434 0.557 10 0.478333 0.478333 0.478333 0.0394787 0.516343 0.236244 0.48619 1 1 1 0.0546094 0.00909045 0.00141362
1 348 7.34971 1.42009 0.57094 0.283 0.306 0.768 322 0.383333 0.383333 0.383333 0.0213373 0.512894 0.710257 0.749901 1 1 1 -0.0546094 -0.00909045 -0.00141362
1 99 -11.425 1.16373 3.81054 0.207 0.253 0.718 199 0.26 0.26 0.26 0.0203766 0.692831 0.501633 0.303323 1 1 1 0.061505 -0.00331065 -0.0259009
1 349 7.02646 0.170537 -3.95972 0.043 0.637 0.676 328 0.306667 0.306667 0.306667 0.0181719 0.935453 0.639699 0.827906 1 1 1 -0.061505 0.00331065 0.0259009
1 100 -7.42198 0.0308847 1.27726 0.746 0.425 0.027 174 0.168333 0.168333 0.168333 0.0151006 0.310099 0.845119 0.800684 1 1 1 0.0462962 -0.0107743 -0.00367931
1 350 6.46687 -3.20139 0.173467 0.951 0.22 0.531 209 0.128333 0.128333 0.128333 0.0301901 0.409925 0.188238 0.685293 1 1 1 -0.0462962 0.0107743 0.00367931
1 101 -10.0773 -2.84494 1.64568 0.154 0.071 0.278 124 0.0783333 0.0783333 0.0783333 0.0095584 0.356822 0.0756859 0.940153 1 1 1 0.0665173 0.00530127 -0.0159022
1 351 9.87786 -1.25455 -3.12497 0.817 0.686 0.759 314 0.0733333 0.0733333 0.0733333 0.00591571 0.707205 0.738823 0.0367138 1 1 1 -0.0665173 -0.00530127 0.0159022
1 102 -6.73104 -1.83905 -2.90719 0.71 0.381 0.909 210 0.361667 0.361667 0.361667 0.00750145 0.880123 0.266732 0.0565203 1 1 1 0.0465721 0.00122237 -0.00133712
1 352 7.24058 -1.47233 -3.30833 0.745 0.403 0.911 42 0.085 0.085 0.085 0.0303122 0.91937 0.830195 0.235023 1 1 1 -0.0465721 -0.00122237 0.00133712
1 103 -8.85684 -0.283578 1.78167 0.859 0.957 0.155 357 0.183333 0.183333 0.183333 0.00718528 0.511704 0.705466 0.165868 1 1 1 0.0510798 0.0110062 -0.0135453
1 353 6.46712 3.01828 -2.28193 0.522 0.612 0.148 40 0.165 0.165 0.165 0.0364733 0.34254 0.654469 0.396924 1 1 1 -0.0510798 -0.0110062 0.0135453
1 104 -4.90237 -2.18574 3.76659 0.975 0.019 0.892 69 0.02 0.02 0.02 0.0365355 0.199377 0.774407 0.963439 1 1 1 0.0515299 0.0197133 -0.000881375
1 354 10.5566 3.72826 3.50218 0.812 0.221 0.284 139 0.49 0.49 0.49 0.0152043 0.861538 0.720634 0.140416 1 1 1 -0.0515299 -0.0197133 0.000881375
1 105 -8.13587 1.0546 -2.10053 0.989 0.482 0.292 231 0.34 0.34 0.34 0.0305869 0.862087 0.857814 0.479812 1 1 1 0.0662895 -0.00322519 0.0135128
1 355 11.751 0.087039 1.95331 0.969 0.682 0.322 352 0.451667 0.451667 0.451667 0.0362621 0.805048 0.0276498 0.15186 1 1 1 -0.0662895 0.00322519 -0.0135128
1 106 -7.48766 0.924711 3.7373 0.884 0.351 0.161 43 0.265 0.265 0.265 0.0349339 0.187475 0.86758 0.864009 1 1 1 0.0605976 0.00933378 -0.00830266
1 356 10.6916 3.72484 1.2465 0.961 0.199 0.916 216 0.321667 0.321667 0.321667 0.0149528 0.740623 0.591327 0.302133 1 1 1 -0.0605976 -0.00933378 0.00830266
1 107 -5.39531 3.08054 -3.55419 0.439 0.22 0.404 118 0.0716667 0.0716667 0.0716667 0.0389502 0.29133 0.481796 0.262215 1 1 1 0.0332367 -0.0110933 0.0209487
1 357 4.5757 -0.247444 2.73043 0.374 0.262 0.708 39 0.395 0.395 0.395 0.0179022 0.177496 0.668081 0.530351 1 1 1 -0.0332367 0.0110933 -0.0209487
1 108 -6.64754 -0.371227 -1.29093 0.99 0.863 0.101 41 0 0 0 0.00252083 0.456343 0.689993 0.261116 1 1 1 0.0498672 0.0047202 0.000410169
1 358 8.31263 1.04483 -1.16788 0.455 0.661 0.144 110 0.185 0.185 0.185 0.00169683 0.646748 0.520218 0.213691 1 1 1 -0.0498672 -0.0047202 -0.000410169
1 109 -6.22614 2.40742 -2.36714 0.595 0.688 0.996 329 0.025 0.025 0.025 0.0200433 0.670339 0.738945 0.864223 1 1 1 0.0363512 0.00370698 0.0211058
1 359 4.67922 3.51952 3.9646 0.689 0.061 0.539 114 0.168333 0.168333 0.168333 0.0181756 0.126774 0.0656148 0.242714 1 1 1 -0.0363512 -0.00370698 -0.0211058
1 110 -8.15223 1.26701 -1.34782 0.455 0.759 0.856 229 0.325 0.325 0.325 0.0254378 0.181585 0.0723594 0.470321 1 1 1 0.0520996 0.00384126 -0.000734072
1 360 7.47764 2.41939 -1.56804 0.65 0.517 0.545 35 0.08 0.08 0.08 0.0201056 0.283517 0.255928 0.520096 1 1 1 -0.0520996 -0.00384126 0.000734072
1 111 -11.3281 -0.648091 0.438124 0.803 0.9 0.299 331 0.305 0.305 0.305 0.021933 0.790948 0.358776 0.822565 1 1 1 0.0567262 -0.00585793 0.0029957
1 361 5.68975 -2.40547 1.33683 0.005 0.54 0.182 174 0.308333 0.308333 0.308333 0.0210004 0.493728 0.527268 0.102084 1 1 1 -0.0567262 0.00585793 -0.0029957
1 112 -10.3815 -2.61788 2.80245 0.679 0.445 0.196 268 0.275 0.275 0.275 0.000355235 0.0984832 0.200629 0.397046 1 1 1 0.0500552 0.0213337 -0.00772403
1 362 4.63503 3.78222 0.485244 0.009 0.203 0.264 203 0.01 0.01 0.01 0.0228352 0.120273 0.166692 0.701468 1 1 1 -0.0500552 -0.0213337 0.00772403
1 113 -11.51 -1.06607 -0.39491 0.854 0.771 0.3 147 0.128333 0.128333 0.128333 0.0097 0.424604 0.619312 0.19953 1 1 1 0.0521199 0.00984893 0.0122961
1 363 4.12598 1.88861 3.29392 0.177 0.465 0.544 144 0.49 0.49 0.49 0.0253938 0.00802637 0.938719 0.770226 1 1 1 -0.0521199 -0.00984893 -0.0122961
1 114 -7.32408 -3.27903 -3.33982 0.559 0.469 0.074 354 0.125 0.125 0.125 0.0236982 0.623157 0.90878 0.439161 1 1 1 0.056495 0.00849635 0.0134526
1 364 9.62444 -0.730125 0.695944 0.581 0.164 0.877 68 0.3 0.3 0.3 0.0110086 0.669424 0.814844 0.881527 1 1 1 -0.056495 -0.00849635 -0.0134526
1 115 -6.69124 3.87646 -1.35734 0.926 0.835 0.136 340 0.101667 0.101667 0.101667 0.0271639 0.506088 0.952513 0.047792 1 1 1 0.0369616 -0.0162065 -0.00865017
1 365 4.39723 -0.985504 -3.95239 0.015 0.311 0.089 244 0.288333 0.288333 0.288333 0.0184466 0.127903 0.151067 0.628773 1 1 1 -0.0369616 0.0162065 0.00865017
1 116 -7.57897 2.2331 -3.00681 0.121 0.237 0.955 116 0.236667 0.236667 0.236667 0.00585467 0.0984527 0.596759 0.514054 1 1 1 0.0608458 -0.0133671 0.0201365
1 366 10.6748 -1.77703 3.03415 0.952 0.031 0.491 58 0.435 0.435 0.435 0.0396777 0.888791 0.155766 0.761376 1 1 1 -0.0608458 0.0133671 -0.0201365
1 117 -8.89956 -0.39491 -1.17423 0.836 0.258 0.118 100 0.37 0.37 0.37 0.0235957 0.441847 0.174596 0.000183111 1 1 1 0.0556788 -0.00105146 -0.00749941
1 367 7.80407 -0.710349 -3.42405 0.057 0.748 0.475 209 0.183333 0.183333 0.183333 0.0132878 0.00515763 0.992737 0.775323 1 1 1 -0.0556788 0.00105146 0.00749941
1 118 -5.35331 -3.92969 0.833399 0.382 0.025 0.984 327 0.366667 0.366667 0.366667 0.0304099 0.16541 0.773614 0.211188 1 1 1 0.0558684 0.0203807 -0.000326344
1 368 11.4072 2.18451 0.735496 0.178 0.398 0.761 114 0.148333 0.148333 0.148333 0.00829005 0.709006 0.362407 0.677877 1 1 1 -0.0558684 -0.0203807 0.000326344
1 119 -5.27226 3.24973 -3.80541 0.673 0.779 0.905 161 0.185 0.185 0.185 0.025439 0.543718 0.341868 0.984588 1 1 1 0.0493627 -0.00505387 0.0180922
1 369 9.53655 1.73357 1.62224 0.054 0.654 0.646 346 0.211667 0.211667 0.211667 0.0320603 0.574877 0.90585 0.144505 1 1 1 -0.0493627 0.00505387 -0.0180922
1 120 -7.46471 -3.41111 -1.52092 0.446 0.158 0.777 9 0.00666667 0.00666667 0.00666667 0.0183489 0.25898 0.225318 0.0693686 1 1 1 0.0643224 0.00437269 -0.00392753
1 370 11.832 -2.09931 -2.69918 0.116 0.24 0.601 346 0.321667 0.321667 0.321667 0.0361705 0.685873 0.274178 0.787469 1 1 1 -0.0643224 -0.00437269 0.00392753
1 121 -9.0568 0.641743 2.55513 0.431 0.429 0.754 174 0.423333 0.423333 0.423333 0.013029 0.587664 0.230781 0.0636921 1 1 1 0.0691102 0.00809188 -0.00619811
1 371 11.6763 3.06931 0.6957 0.072 0.752 0.627 30 0.355 0.355 0.355 0.0338768 0.770287 0.208228 0.754112 1 1 1 -0.0691102 -0.00809188 0.00619811
1 122 -4.33912 3.34812 2.49409 0.53 0.723 0.984 334 0.201667 0.201667 0.201667 0.0172869 0.229316 0.807855 0.979034 1 1 1 0.0323008 -0.0167559 0.00334564
1 372 5.35112 -1.67864 3.49779 0.753 0.922 0.436 278 0.0183333 0.0183333 0.0183333 0.0229719 0.777581 0.47145 0.374493 1 1 1 -0.0323008 0.0167559 -0.00334564
1 123 -6.60872 3.31736 2.47871 0.261 0.003 0.224 128 0.338333 0.338333 0.338333 0.0223151 0.497055 0.443739 0.400128 1 1 1 0.036011 -0.015317 -0.0180271
1 373 4.19459 -1.27775 -2.92941 0.888 0.4 0.692 176 0.3 0.3 0.3 0.0278011 0.862667 0.980102 0.0760521 1 1 1 -0.036011 0.015317 0.0180271
1 124 -5.01297 -1.89105 -3.2927 0.668 0.347 0.991 284 0.0466667 0.0466667 0.0466667 0.0356822 0.0878018 0.865017 0.709677 1 1 1 0.0425656 0.0182997 0.0188352
1 374 7.75671 3.59886 2.35786 0.759 0.144 0.066 244 0.483333 0.483333 0.483333 0.0341575 0.247108 0.974609 0.285043 1 1 1 -0.0425656 -0.0182997 -0.0188352
1 125 -8.39418 1.51433 -1.69768 0.645 0.011 0.438 294 0.075 0.075 0.075 0.031572 0.151585 0.139317 0.345897 1 1 1 0.0611648 -0.00564063 -0.0050498
1 375 9.95526 -0.177862 -3.21262 0.552 0.996 0.689 334 0.336667 0.336667 0.336667 0.0108133 0.926115 0.575579 0.532701 1 1 1 -0.0611648 0.00564063 0.0050498
1 126 -8.13172 1.83709 -2.78561 0.965 0.075 0.405 167 0.173333 0.173333 0.173333 0.0220563 0.878262 0.271584 0.562181 1 1 1 0.0478791 0.000839055 0.0165516
1 376 6.232 2.08881 2.17988 0.201 0.656 0.302 248 0.415 0.415 0.415 0.0314609 0.689718 0.568316 0.485458 1 1 1 -0.0478791 -0.000839055 -0.0165516
1 127 -11.9875 -2.82516 -0.87051 0.488 0.923 0.94 132 0.463333 0.463333 0.463333 0.0331223 0.320658 0.38786 0.657491 1 1 1 0.0723264 0.0167543 -0.00492365
1 377 9.71038 2.20112 -2.34761 0.711 0.527 0.835 69 0.226667 0.226667 0.226667 0.010773 0.427473 0.759667 0.11771 1 1 1 -0.0723264 -0.0167543 0.00492365
1 128 -4.949 3.70067 1.37541 0.46 0.153 0.155 165 0.426667 0.426667 0.426667 0.029216 0.672842 0.101108 0.146123 1 1 1 0.0309962 -0.00116866 0.000506201
1 378 4.34986 3.35008 1.52727 0.719 0.27 0.751 311 0.346667 0.346667 0.346667 0.0283651 0.185003 0.750786 0.745842 1 1 1 -0.0309962 0.00116866 -0.000506201
1 129 -5.07328 -3.05661 1.82781 0.142 0.414 0.332 342 0.223333 0.223333 0.223333 0.0100552 0.722037 0.151952 0.835719 1 1 1 0.053925 0.0215046 0.00136316
1 379 11.1042 3.39476 2.23676 0.711 0.216 0.348 2 0.03 0.03 0.03 0.0343956 0.94116 0.469802 0.142308 1 1 1 -0.053925 -0.0215046 -0.00136316
1 130 -6.32991 2.07099 0.816797 0.765 0.505 0.196 266 0.111667 0.111667 0.111667 0.00346324 0.693289 0.919065 0.282174 1 1 1 0.0580169 -0.00975453 0.0047088
1 380 11.0752 -0.855373 2.22944 0.771 0.272 0.455 23 0.413333 0.413333 0.413333 0.03056 0.574602 0.307901 0.448775 1 1 1 -0.0580169 0.00975453 -0.0047088
1 131 -8.44545 -2.83175 -3.96826 0.578 0.243 0.062 19 0.186667 0.186667 0.186667 0.0179485 0.20539 0.891873 0.590411 1 1 1 0.0470538 0.0215762 0.00948515
1 381 5.67071 3.6411 -1.12271 0.761 0.762 0.772 322 0.276667 0.276667 0.276667 0.000216071 0.988861 0.202673 0.106357 1 1 1 -0.0470538 -0.0215762 -0.00948515
1 132 -5.74712 -2.47774 2.43013 0.078 0.145 0.224 243 0.286667 0.286667 0.286667 0.0388269 0.556963 0.700552 0.0293283 1 1 1 0.038363 -0.00361583 -0.0134957
1 382 5.76177 -3.56249 -1.61858 0.422 0.899 0.215 324 0.403333 0.403333 0.403333 0.00141606 0.864101 0.512528 0.522813 1 1 1 -0.038363 0.00361583 0.0134957
1 133 -7.00668 0.900296 1.14103 0.172 0.797 0.059 134 0.338333 0.338333 0.338333 0.0115812 0.0610675 0.795953 0.430372 1 1 1 0.0428081 -0.00672709 -0.00821151
1 383 5.83575 -1.11783 -1.32243 0.886 0.595 0.148 25 0.221667 0.221667 0.221667 0.0165606 0.00457778 0.0258187 0.694296 1 1 1 -0.0428081 0.00672709 0.00821151
1 134 -6.28376 1.8327 1.37321 0.595 0.957 0.079 301 0.24 0.24 0.24 0.0162664 0.647969 0.373608 0.837458 1 1 1 0.0447979 0.00188238 -0.0134322
1 384 7.15561 2.39741 -2.65645 0.903 0.586 0.688 243 0.0866667 0.0866667 0.0866667 0.0124577 0.750755 0.948637 0.501175 1 1 1 -0.0447979 -0.00188238 0.0134322
1 135 -8.76992 2.89352 -0.679342 0.573 0.043 0.525 309 0.0866667 0.0866667 0.0866667 0.0166546 0.453505 0.636219 0.378216 1 1 1 0.0622814 -0.0171026 0.00394869
1 385 9.91449 -2.23725 0.505264 0.934 0.049 0.966 94 0.353333 0.353333 0.353333 0.00451308 0.42439 0.214484 0.896451 1 1 1 -0.0622814 0.0171026 -0.00394869
1 136 -7.63195 -1.01773 2.06903 0.362 0.339 0.843 343 0.27 0.27 0.27 0.0279061 0.613208 0.986938 0.824366 1 1 1 0.0467478 0.00804305 -0.00442233
1 386 6.39241 1.39518 0.742332 0.482 0.685 0.483 26 0.0366667 0.0366667 0.0366667 0.0188226 0.275704 0.96057 0.705283 1 1 1 -0.0467478 -0.00804305 0.00442233
1 137 -7.85632 -1.39494 -3.49852 0.334 0.768 0.868 157 0.383333 0.383333 0.383333 0.00651143 0.979827 0.248787 0.810236 1 1 1 0.0498982 8.46386e-05 0.0249788
1 387 7.11313 -1.36955 3.99512 0.532 0.839 0.866 244 0.151667 0.151667 0.151667 0.025887 0.901273 0.51323 0.254952 1 1 1 -0.0498982 -8.46386e-05 -0.0249788
1 138 -9.09293 2.15546 -0.793848 0.542 0.287 0.629 251 0.228333 0.228333 0.228333 0.026241 0.98352 0.502853 0.178411 1 1 1 0.0703073 -0.0205011 0.00754499
1 388 11.9993 -3.99487 1.46965 0.317 0.167 0.72 69 0.461667 0.461667 0.461667 0.0197382 0.601276 0.727348 0.553331 1 1 1 -0.0703073 0.0205011 -0.00754499
1 139 -11.4978 1.19572 3.3806 0.935 0.459 0.193 11 0.36 0.36 0.36 0.00385876 0.353526 0.639332 0.421094 1 1 1 0.0600889 -0.00886339 -0.0161154
1 389 6.52889 -1.4633 -1.45402 0.248 0.548 0.969 282 0.42 0.42 0.42 0.0361888 0.644978 0.0227058 0.235023 1 1 1 -0.0600889 0.00886339 0.0161154
1 140 -4.57765 -1.26139 -1.2609 0.576 0.967 0.054 232 0.24 0.24 0.24 0.0183636 0.919706 0.21543 0.68572 1 1 1 0.0382344 0.00422295 -0.00685486
1 390 6.89267 0.00549316 -3.31736 0.796 0.341 0.202 146 0.19 0.19 0.19 0.0039845 0.913297 0.96173 0.993927 1 1 1 -0.0382344 -0.00422295 0.00685486
1 141 -11.0346 2.52876 0.419569 0.651 0.383 0.237 108 0.393333 0.393333 0.393333 0.00747948 0.213019 0.713523 0.313913 1 1 1 0.0706125 -0.000977407 -0.00031902
1 391 10.1491 2.23554 0.323863 0.691 0.563 0.436 83 0.173333 0.173333 0.173333 0.0225922 0.886837 0.711417 0.720817 1 1 1 -0.0706125 0.000977407 0.00031902
1 142 -9.60686 -0.677633 -1.11197 0.512 0.336 0.654 34 0.363333 0.363333 0.363333 0.00517838 0.0836512 0.79339 0.382458 1 1 1 0.063293 0.000179856 0.00638936
1 392 9.38102 -0.623676 0.804834 0.389 0.797 0.664 53 0.176667 0.176667 0.176667 0.000371105 0.448561 0.234504 0.0646382 1 1 1 -0.063293 -0.000179856 -0.00638936
1 143 -8.91641 -1.82928 -1.15372 0.177 0.003 0.626 245 0.0366667 0.0366667 0.0366667 0.0239546 0.0552995 0.632527 0.21485 1 1 1 0.0625621 0.00337738 0.00804305
1 393 9.85223 -0.816065 1.25919 0.302 0.331 0.333 277 0.0583333 0.0583333 0.0583333 0.00690451 0.469649 0.552293 0.636708 1 1 1 -0.0625621 -0.00337738 -0.00804305
1 144 -8.3097 -1.30021 3.13816 0.335 0.478 0.128 343 0.133333 0.133333 0.133333 0.0256221 0.634571 0.947966 0.332347 1 1 1 0.0482412 0.00867377 -0.00204515
1 394 6.16266 1.30192 2.52461 0.219 0.955 0.484 307 0.0383333 0.0383333 0.0383333 0.033198 0.647145 0.923795 0.575701 1 1 1 -0.0482412 -0.00867377 0.00204515
1 145 -5.70293 -3.60814 -2.34565 0.964 0.682 0.041 11 0.4 0.4 0.4 0.00438002 0.294382 0.793481 0.813196 1 1 1 0.0470319 0.000502132 0.00131433
1 395 8.40663 -3.4575 -1.95135 0.289 0.063 0.725 13 0.0916667 0.0916667 0.0916667 0.0335362 0.562517 0.284524 0.69335 1 1 1 -0.0470319 -0.000502132 -0.00131433
1 146 -4.42506 0.867092 1.24088 0.063 0.158 0.587 227 0.275 0.275 0.275 0.0258846 0.349773 0.726035 0.528855 1 1 1 0.0325059 0.00767358 0.00185146
1 396 5.3267 3.16916 1.79632 0.383 0.709 0.862 314 0.215 0.215 0.215 0.0227241 0.429609 0.789056 0.918424 1 1 1 -0.0325059 -0.00767358 -0.00185146
1 147 -11.063 3.16477 -3.3972 0.235 0.171 0.777 266 0.151667 0.151667 0.151667 0.00609149 0.445082 0.43495 0.22599 1 1 1 0.0651167 -0.0232999 0.00183925
1 397 8.47206 -3.82519 -2.84542 0.119 0.222 0.003 160 0.188333 0.188333 0.188333 0.0224665 0.500687 0.800348 0.258675 1 1 1 -0.0651167 0.0232999 -0.00183925
1 148 -8.30189 -3.97632 -1.78704 0.608 0.766 0.729 323 0.266667 0.266667 0.266667 0.0336216 0.87112 0.427992 0.922697 1 1 1 0.0588495 0.0184804 0.00209072
1 398 9.35295 1.5678 -1.15983 0.889 0.135 0.601 78 0.255 0.255 0.255 0.030643 0.599536 0.170537 0.998932 1 1 1 -0.0588495 -0.0184804 -0.00209072
1 149 -6.77401 -0.834864 1.21622 0.233 0.386 0.845 169 0.28 0.28 0.28 0.0193756 0.431379 0.867458 0.588092 1 1 1 0.0545744 0.0149427 0.00862819
1 399 9.59832 3.64794 3.80468 0.911 0.691 0.522 59 0.443333 0.443333 0.443333 0.00721702 0.750328 0.156499 0.354167 1 1 1 -0.0545744 -0.0149427 -0.00862819
1 150 -7.89758 1.57244 3.33714 0.34 0.259 0.091 269 0.313333 0.313333 0.313333 0.0371813 0.0757469 0.150731 0.573931 1 1 1 0.0400297 -0.000937529 -0.0139856
1 400 4.11133 1.29118 -0.858547 0.146 0.815 0.052 197 0.00666667 0.00666667 0.00666667 0.010546 0.370769 0.81344 0.296731 1 1 1 -0.0400297 0.000937529 0.0139856
1 151 -5.72393 -3.22727 3.78491 0.397 0.979 0.061 19 0.0316667 0.0316667 0.0316667 0.0191925 0.0203253 0.328715 0.766778 1 1 1 0.0365009 0.00152593 -0.0026425
1 401 5.22636 -2.76949 2.99216 0.54 0.261 0.386 306 0.23 0.23 0.23 0.0378198 0.998535 0.21128 0.77575 1 1 1 -0.0365009 -0.00152593 0.0026425
1 152 -11.7795 -0.881253 3.16111 0.483 0.945 0.218 125 0.0266667 0.0266667 0.0266667 0.00981597 0.572619 0.955657 0.929594 1 1 1 0.078811 0.00405693 -0.00236417
1 402 11.8638 0.335825 2.45186 0.364 0.938 0.29 19 0.466667 0.466667 0.466667 0.0233943 0.019715 0.316904 0.0482192 1 1 1 -0.078811 -0.00405693 0.00236417
1 153 -6.90976 1.06973 -3.63549 0.074 0.197 0.147 126 0.243333 0.243333 0.243333 0.00189215 0.380352 0.464522 0.201758 1 1 1 0.0619908 -0.000577817 0.000371919
1 403 11.6875 0.896389 -3.52391 0.189 0.408 0.317 212 0.371667 0.371667 0.371667 0.0287777 0.367962 0.886013 0.340007 1 1 1 -0.0619908 0.000577817 -0.000371919
1 154 -4.12354 -0.528214 -1.50139 0.143 0.357 0.99 288 0.288333 0.288333 0.288333 0.0389062 0.323099 0.66158 0.225837 1 1 1 0.0412814 -0.00190191 0.00429701
1 404 8.26087 -1.09879 -0.212287 0.647 0.316 0.666 85 0.373333 0.373333 0.373333 0.0379846 0.662893 0.208594 0.555498 1 1 1 -0.0412814 0.00190191 -0.00429701
1 155 -6.43709 2.84103 -0.223029 0.303 0.819 0.823 72 0.276667 0.276667 0.276667 0.00693991 0.764977 0.43376 0.870083 1 1 1 0.0521346 -0.018399 1.46492e-05
1 405 9.20328 -2.67867 -0.218635 0.525 0.936 0.283 292 0.281667 0.281667 0.281667 0.0320481 0.75689 0.0518509 0.255226 1 1 1 -0.0521346 0.018399 -1.46492e-05
1 156 -11.7165 3.6433 1.42961 0.168 0.341 0.65 20 0.03 0.03 0.03 0.000174566 0.387494 0.262734 0.0153813 1 1 1 0.0635395 -0.0108442 0.00334076
1 406 7.34532 0.390027 2.43184 0.789 0.098 0.678 313 0.251667 0.251667 0.251667 0.0364183 0.15891 0.643696 0.619617 1 1 1 -0.0635395 0.0108442 -0.00334076
1 157 -8.52211 3.57567 -3.39085 0.686 0.036 0.138 84 0.231667 0.231667 0.231667 0.0036256 0.32139 0.639271 0.375683 1 1 1 0.0646952 -0.00897081 0.00862982
1 407 10.8864 0.884427 -0.801904 0.179 0.46 0.757 33 0.478333 0.478333 0.478333 0.014998 0.303842 0.0415052 0.617603 1 1 1 -0.0646952 0.00897081 -0.00862982
1 158 -10.9531 3.84838 0.298227 0.088 0.39 0.269 318 0.00333333 0.00333333 0.00333333 0.0169121 0.795892 0.971801 0.819819 1 1 1 0.071677 -0.024803 -0.00455418
1 408 10.55 -3.59252 -1.06803 0.974 0.786 0.295 291 0.0883333 0.0883333 0.0883333 0.0245723 0.136235 0.729118 0.0994903 1 1 1 -0.071677 0.024803 0.00455418
1 159 -4.48952 0.46498 0.213996 0.48 0.836 0.333 256 0.0516667 0.0516667 0.0516667 0.00278817 0.0241401 0.0829493 0.164556 1 1 1 0.0541 0.00734397 -0.0114392
1 409 11.7405 2.66817 -3.21775 0.922 0.183 0.189 22 0.446667 0.446667 0.446667 0.0233796 0.97763 0.785974 0.032075 1 1 1 -0.0541 -0.00734397 0.0114392
1 160 -10.8381 0.50502 -3.2844 0.759 0.5 0.473 209 0.388333 0.388333 0.388333 0.0241865 0.544267 0.887692 0.906888 1 1 1 0.0751219 -0.00247403 0.0112886
1 410 11.6985 -0.23719 0.102176 0.732 0.105 0.589 337 0.191667 0.191667 0.191667 0.027568 0.145238 0.472762 0.595325 1 1 1 -0.0751219 0.00247403 -0.0112886
1 161 -7.77355 3.40403 3.70995 0.158 0.272 0.402 184 0.298333 0.298333 0.298333 0.0335337 0.733543 0.346599 0.864406 1 1 1 0.0581072 0.000178227 -0.0145154
1 411 9.65862 3.4575 -0.644673 0.521 0.776 0.186 113 0.0883333 0.0883333 0.0883333 0.00929838 0.292032 0.57622 0.358776 1 1 1 -0.0581072 -0.000178227 0.0145154
1 162 -7.98523 3.23508 2.55806 0.446 0.74 0.375 5 0.22 0.22 0.22 0.03807 0.71572 0.288736 0.192938 1 1 1 0.059966 -0.0192242 -0.0217886
1 412 10.0046 -2.53218 -3.97851 0.103 0.555 0.763 359 0.265 0.265 0.265 0.0302365 0.935636 0.35786 0.257271 1 1 1 -0.059966 0.0192242 0.0217886
1 163 -8.91812 3.99048 0.980865 0.042 0.62 0.257 323 0.0266667 0.0266667 0.0266667 0.0249519 0.379376 0.197028 0.749565 1 1 1 0.0644795 -0.0174973 -0.00492121
1 413 10.4257 -1.25871 -0.495498 0.466 0.155 0.528 71 0.161667 0.161667 0.161667 0.00418104 0.145787 0.449904 0.583819 1 1 1 -0.0644795 0.0174973 0.00492121
1 164 -5.61821 -0.137578 -3.03317 0.703 0.645 0.832 124 0.393333 0.393333 0.393333 0.00985137 0.726463 0.550523 0.270241 1 1 1 0.0423044 -0.000415052 0.0135624
1 414 7.07309 -0.262093 1.03555 0.041 0.125 0.776 154 0.206667 0.206667 0.206667 0.022591 0.858821 0.542009 0.719016 1 1 1 -0.0423044 0.000415052 -0.0135624
1 165 -10.5761 0.525285 -0.323618 0.395 0.487 0.756 157 0.45 0.45 0.45 0.0328391 0.269539 0.816858 0.33076 1 1 1 0.0643086 0.0106204 -0.0103136
1 415 8.71645 3.71142 -3.41771 0.974 0.733 0.877 269 0.145 0.145 0.145 0.0367431 0.787347 0.203101 0.815516 1 1 1 -0.0643086 -0.0106204 0.0103136
1 166 -8.56996 -2.58492 3.35008 0.843 0.777 0.148 5 0.423333 0.423333 0.423333 0.025262 0.69689 0.688925 0.559313 1 1 1 0.0682329 0.0119193 -0.00198574
1 416 11.8999 0.990875 2.75436 0.13 0.934 0.75 120 0.241667 0.241667 0.241667 0.0302927 0.395184 0.681448 0.156285 1 1 1 -0.0682329 -0.0119193 0.00198574
1 167 -6.50984 -0.987213 2.21235 0.755 0.517 0.259 322 0.045 0.045 0.045 0.0114115 0.523515 0.659658 0.0700705 1 1 1 0.0520231 -0.00250252 -0.00168218
1 417 9.09708 -1.73797 1.70769 0.71 0.754 0.42 208 0.481667 0.481667 0.481667 0.0359606 0.904721 0.0270699 0.405499 1 1 1 -0.0520231 0.00250252 0.00168218
1 168 -10.2822 -0.876125 -1.6198 0.034 0.519 0.566 204 0.226667 0.226667 0.226667 0.00868679 0.947722 0.528001 0.5862 1 1 1 0.0538403 -0.00758568 0.00224535
1 418 5.86993 -3.15183 -0.946196 0.755 0.312 0.686 109 0.443333 0.443333 0.443333 0.0101212 0.806635 0.380322 0.470626 1 1 1 -0.0538403 0.00758568 -0.00224535
1 169 -8.59169 -1.83978 2.76876 0.259 0.715 0.871 32 0.0316667 0.0316667 0.0316667 0.010032 0.631062 0.930723 0.22074 1 1 1 0.0520499 0.00610452 -1.46484e-05
1 419 7.02329 -0.00842309 2.76437 0.42 0.921 0.493 252 0.151667 0.151667 0.151667 0.0390344 0.840327 0.769951 0.194769 1 1 1 -0.0520499 -0.00610452 1.46484e-05
1 170 -11.8066 -2.57784 -3.00363 0.789 0.548 0.661 199 0.216667 0.216667 0.216667 0.0123893 0.621143 0.492996 0.38496 1 1 1 0.0785587 0.0123742 0.0202675
1 420 11.761 1.13443 3.07663 0.198 0.914 0.168 95 0.473333 0.473333 0.473333 0.0104459 0.913602 0.26487 0.597766 1 1 1 -0.0785587 -0.0123742 -0.0202675
1 171 -9.80218 -1.62175 0.292612 0.74 0.781 0.625 277 0.115 0.115 0.115 0.0349193 0.135716 0.692312 0.791955 1 1 1 0.0654821 0.00940865 0.00369722
1 421 9.84246 1.20084 1.40178 0.095 0.03 0.146 160 0.025 0.025 0.025 0.0243635 0.930845 0.823328 0.884793 1 1 1 -0.0654821 -0.00940865 -0.00369722
1 172 -8.8041 -1.05264 1.40324 0.438 0.78 0.675 138 0.0216667 0.0216667 0.0216667 0.0107266 0.426771 0.0283822 0.0248726 1 1 1 0.065146 -0.000234382 -0.00391125
1 422 10.7397 -1.12296 0.229866 0.732 0.265 0.391 153 0.00166667 0.00166667 0.00166667 0.0366894 0.997742 0.682669 0.941435 1 1 1 -0.065146 0.000234382 0.00391125
1 173 -11.2324 2.77999 3.49632 0.126 0.202 0.419 156 0.393333 0.393333 0.393333 0.0158696 0.443525 0.594287 0.63863 1 1 1 0.0700811 -0.00295338 -0.00486913
1 423 9.79193 1.89398 2.03558 0.393 0.685 0.698 127 0.00333333 0.00333333 0.00333333 0.00951445 0.972106 0.634236 0.533616 1 1 1 -0.0700811 0.00295338 0.00486913
1 174 -10.5451 1.53923 -1.93011 0.381 0.085 0.377 67 0.15 0.15 0.15 0.0393689 0.512894 0.640767 0.262886 1 1 1 0.0730296 0.00589292 0.0103885
1 424 11.3638 3.30711 1.18644 0.181 0.937 0.09 19 0.481667 0.481667 0.481667 0.0217975 0.828974 0.0267037 0.931761 1 1 1 -0.0730296 -0.00589292 -0.0103885
1 175 -9.08194 2.18207 3.85742 0.236 0.886 0.341 123 0.148333 0.148333 0.148333 0.0379846 0.756493 0.229408 0.676504 1 1 1 0.0469383 0.00198818 -0.0100361
1 425 4.99954 2.77853 0.846583 0.179 0.549 0.913 336 0.415 0.415 0.415 0.0141826 0.808863 0.841639 0.176946 1 1 1 -0.0469383 -0.00198818 0.0100361
1 176 -10.9089 3.24119 2.73287 0.492 0.299 0.855 261 0.251667 0.251667 0.251667 0.039519 0.462416 0.566759 0.320872 1 1 1 0.0583026 -0.00794458 -0.0128259
1 426 6.58187 0.857814 -1.1149 0.25 0.8 0.732 159 0.366667 0.366667 0.366667 0.0217109 0.818079 0.684896 0.709037 1 1 1 -0.0583026 0.00794458 0.0128259
1 177 -5.66045 0.104618 -3.38108 0.334 0.182 0.465 87 0.331667 0.331667 0.331667 0.038374 0.13123 0.114048 0.221778 1 1 1 0.0338178 -0.00613463 0.00720725
1 427 4.48488 -1.73577 -1.21891 0.478 0.282 0.013 262 0.16 0.16 0.16 0.00816797 0.0496231 0.0382092 0.574236 1 1 1 -0.0338178 0.00613463 -0.00720725
1 178 -7.38462 3.29929 1.39274 0.371 0.868 0.92 88 0.391667 0.391667 0.391667 0.00712912 0.414106 0.0661336 0.788049 1 1 1 0.0603933 -0.0104422 -0.0128739
1 428 10.7334 0.166631 -2.46944 0.693 0.426 0.516 276 0.168333 0.168333 0.168333 0.0358324 0.293832 0.614002 0.932157 1 1 1 -0.0603933 0.0104422 0.0128739
1 179 -4.38624 -2.22968 1.7907 0.069 0.055 0.551 117 0.335 0.335 0.335 0.0078872 0.662648 0.293313 0.455977 1 1 1 0.0451438 0.0123165 -0.010797
1 429 9.1569 1.46525 -1.44841 0.642 0.793 0.857 351 0.108333 0.108333 0.108333 0.00434462 0.906674 0.157231 0.0797754 1 1 1 -0.0451438 -0.0123165 0.010797
1 180 -4.0708 3.1633 3.31663 0.819 0.164 0.195 134 0.388333 0.388333 0.388333 0.00712546 0.308542 0.339671 0.648213 1 1 1 0.042061 -0.00696636 -0.00574725
1 430 8.5475 1.0734 1.59246 0.638 0.18 0.635 327 0.208333 0.208333 0.208333 0.0124931 0.905545 0.538987 0.712363 1 1 1 -0.042061 0.00696636 0.00574725
1 181 -4.78787 3.1052 -2.85324 0.265 0.565 0.536 41 0.375 0.375 0.375 0.0178289 0.792322 0.571886 0.0158086 1 1 1 0.0453448 -0.0196905 0.0149638
1 431 8.81558 -2.80197 1.63591 0.682 0.183 0.957 232 0.195 0.195 0.195 0.0166216 0.160558 0.484024 0.638874 1 1 1 -0.0453448 0.0196905 -0.0149638
1 182 -6.67537 -0.514298 -1.96332 0.326 0.593 0.146 342 0.175 0.175 0.175 0.01262 0.259316 0.0721763 0.432264 1 1 1 0.0494017 0.0137862 -0.00410087
1 432 8.14515 3.62157 -3.19358 0.847 0.789 0.908 132 0.0116667 0.0116667 0.0116667 0.0394299 0.150212 0.777306 0.671712 1 1 1 -0.0494017 -0.0137862 0.00410087
1 183 -5.50249 -0.261605 3.22776 0.253 0.655 0.629 98 0.0383333 0.0383333 0.0383333 0.0316733 0.742332 0.369213 0.708152 1 1 1 0.0555136 -0.00252042 -0.0198362
1 433 11.1516 -1.01773 -2.72311 0.054 0.224 0.579 110 0.02 0.02 0.02 0.00292001 0.250343 0.292764 0.90875 1 1 1 -0.0555136 0.00252042 0.0198362
1 184 -9.51506 1.12223 0.351696 0.237 0.679 0.014 349 0.475 0.475 0.475 0.00912992 0.0490738 0.600452 0.495407 1 1 1 0.05184 -0.000217292 0.00940784
1 434 6.03693 1.05704 3.17405 0.648 0.655 0.031 56 0.303333 0.303333 0.303333 0.0392383 0.0250252 0.687948 0.126682 1 1 1 -0.05184 0.000217292 -0.00940784
1 185 -7.2772 -3.9978 0.339244 0.729 0.249 0.784 195 0.276667 0.276667 0.276667 0.0217878 0.0737022 0.200079 0.34962 1 1 1 0.0467454 0.02013 -0.00285002
1 435 6.74642 2.0412 -0.515763 0.831 0.843 0.906 310 0.408333 0.408333 0.408333 0.0331394 0.488174 0.108371 0.504807 1 1 1 -0.0467454 -0.02013 0.00285002
1 186 -6.51643 -1.86834 -0.675436 0.24 0.94 0.072 135 0.12 0.12 0.12 0.00380139 0.750664 0.706137 0.419477 1 1 1 0.0488036 -0.00433933 0.00212327
1 436 8.12464 -3.17014 -0.0384533 0.498 0.578 0.588 233 0.21 0.21 0.21 0.0098587 0.80459 0.74575 0.396924 1 1 1 -0.0488036 0.00433933 -0.00212327
1 187 -7.96765 1.93231 -2.44722 0.085 0.576 0.345 203 0.401667 0.401667 0.401667 0.0311521 0.370067 0.780175 0.731651 1 1 1 0.0467983 -0.00543962 -0.00506851
1 437 6.07184 0.300424 -3.96777 0.797 0.292 0.069 205 0.45 0.45 0.45 0.00212043 0.399213 0.593005 0.371715 1 1 1 -0.0467983 0.00543962 0.00506851
1 188 -10.2158 2.77609 3.28538 0.608 0.132 0.025 353 0.161667 0.161667 0.161667 0.0196258 0.473098 0.0339061 0.540391 1 1 1 0.0697206 -0.01728 -0.00194505
1 438 10.7004 -2.40791 2.70186 0.847 0.92 0.005 155 0.0466667 0.0466667 0.0466667 0.0100333 0.943358 0.240669 0.238624 1 1 1 -0.0697206 0.01728 0.00194505
1 189 -5.53984 -1.73333 -2.29414 0.58 0.577 0.826 293 0.128333 0.128333 0.128333 0.0200714 0.046144 0.75631 0.710196 1 1 1 0.0334345 0.0170749 0.0125183
1 439 4.49049 3.38914 1.46135 0.939 0.936 0.237 319 0.165 0.165 0.165 0.00762596 0.186499 0.0578936 0.279427 1 1 1 -0.0334345 -0.0170749 -0.0125183
1 190 -6.7579 2.52046 -3.17161 0.919 0.501 0.105 136 0.3 0.3 0.3 0.0346556 0.232795 0.134312 0.600421 1 1 1 0.0406832 -0.0144023 -0.00211839
1 440 5.44707 -1.80023 -3.80712 0.464 0.865 0.643 75 0.075 0.075 0.075 0.00977935 0.102847 0.601947 0.403241 1 1 1 -0.0406832 0.0144023 0.00211839
1 191 -9.06876 1.44743 2.40132 0.053 0.153 0.394 151 0.241667 0.241667 0.241667 0.0178997 0.281594 0.0621357 0.420667 1 1 1 0.0677478 -0.0126924 -0.0144137
1 441 11.2556 -2.3603 -1.92279 0.145 0.124 0.018 91 0.378333 0.378333 0.378333 0.0332981 0.32075 0.600055 0.444319 1 1 1 -0.0677478 0.0126924 0.0144137
1 192 -6.89755 1.03311 1.81487 0.221 0.723 0.403 258 0.33 0.33 0.33 0.0262252 0.949644 0.131687 0.525559 1 1 1 0.0511197 -0.00773787 0.00561215
1 442 8.43837 -1.28825 3.49852 0.997 0.119 0.271 263 0.285 0.285 0.285 0.00585955 0.304239 0.34724 0.321055 1 1 1 -0.0511197 0.00773787 -0.00561215
1 193 -9.73846 0.619038 1.00699 0.866 0.109 0.74 30 0.14 0.14 0.14 0.0197601 0.0792871 0.898556 0.617725 1 1 1 0.0541642 0.00822942 -0.0135185
1 443 6.51082 3.08786 -3.04855 0.303 0.045 0.717 36 0.22 0.22 0.22 0.0166301 0.255257 0.863948 0.275246 1 1 1 -0.0541642 -0.00822942 0.0135185
1 194 -8.99893 3.18528 2.37056 0.828 0.62 0.654 260 0.0133333 0.0133333 0.0133333 0.000172124 0.568011 0.0172124 0.32783 1 1 1 0.0604568 -0.0193186 0.0019247
1 444 9.1381 -2.61031 2.94797 0.375 0.402 0.786 203 0.261667 0.261667 0.261667 0.00224372 0.20539 0.657002 0.909848 1 1 1 -0.0604568 0.0193186 -0.0019247
1 195 -7.84289 -1.37053 -0.342662 0.461 0.402 0.401 335 0.105 0.105 0.105 0.0282589 0.449141 0.339061 0.140172 1 1 1 0.0604454 0.0128072 0.0108809
1 445 10.2907 2.47163 2.9216 0.024 0.064 0.271 232 0.171667 0.171667 0.171667 0.0219416 0.265664 0.428236 0.244667 1 1 1 -0.0604454 -0.0128072 -0.0108809
1 196 -10.0353 0.0511489 -2.11274 0.716 0.636 0.948 129 0.085 0.085 0.085 0.00505264 0.302957 0.566912 0.132756 1 1 1 0.0581211 -0.00117354 -0.00250496
1 446 7.40098 -0.300913 -2.86422 0.136 0.148 0.076 5 0.476667 0.476667 0.476667 0.0155876 0.503433 0.573626 0.508255 1 1 1 -0.0581211 0.00117354 0.00250496
1 197 -7.78503 -2.96994 2.25214 0.453 0.853 0.697 135 0.0816667 0.0816667 0.0816667 0.000205084 0.716544 0.56032 0.500717 1 1 1 0.0510172 0.00400891 0.00445977
1 447 7.52013 -1.76727 3.59008 0.643 0.274 0.274 277 0.28 0.28 0.28 0.0383386 0.414869 0.81756 0.884793 1 1 1 -0.0510172 -0.00400891 -0.00445977
1 198 -8.58925 1.90912 0.0228276 0.783 0.321 0.982 353 0.015 0.015 0.015 0.0113627 0.0111698 0.884518 0.331492 1 1 1 0.0635403 0.00466323 0.00633564
1 448 10.4729 3.30808 1.92352 0.752 0.693 0.655 1 0.263333 0.263333 0.263333 0.0256917 0.46202 0.825587 0.934751 1 1 1 -0.0635403 -0.00466323 -0.00633564
1 199 -5.07718 -2.9255 -0.54384 0.732 0.091 0.453 11 0.0416667 0.0416667 0.0416667 0.0183343 0.956114 0.697653 0.600879 1 1 1 0.0469741 0.00147221 -0.00377046
1 449 9.01505 -2.48384 -1.67498 0.178 0.904 0.374 326 0.375 0.375 0.375 0.00268441 0.642872 0.139164 0.908505 1 1 1 -0.0469741 -0.00147221 0.00377046
1 200 -7.85315 -0.761132 -2.29975 0.317 0.272 0.692 326 0.216667 0.216667 0.216667 0.0157537 0.687277 0.569475 0.858364 1 1 1 0.0461407 -0.000504573 0.0191217
1 450 5.98907 -0.912503 3.43675 0.497 0.816 0.757 356 0.15 0.15 0.15 0.0309787 0.563646 0.276803 0.670797 1 1 1 -0.0461407 0.000504573 -0.0191217
1 201 -5.34135 0.720603 -2.29926 0.092 0.801 0.398 183 0.00166667 0.00166667 0.00166667 0.00802026 0.550127 0.325419 0.570788 1 1 1 0.0460756 -0.0118355 0.0185349
1 451 8.48134 -2.83004 3.26121 0.031 0.639 0.069 337 0.391667 0.391667 0.391667 0.00757714 0.981536 0.344676 0.455641 1 1 1 -0.0460756 0.0118355 -0.0185349
1 202 -10.6286 3.72533 2.1081 0.719 0.612 0.585 207 0.331667 0.331667 0.331667 0.010253 0.0846889 0.509934 0.593005 1 1 1 0.0586842 -0.0253768 0.00319834
1 452 6.97665 -3.88769 3.0676 0.235 0.386 0.357 260 0.3 0.3 0.3 0.00895413 0.286996 0.000824 0.169805 1 1 1 -0.0586842 0.0253768 -0.00319834
1 203 -11.3088 3.62816 0.182501 0.716 0.668 0.262 162 0.163333 0.163333 0.163333 0.0390014 0.872311 0.562578 0.734092 1 1 1 0.0760839 -0.00961129 0.000384126
1 453 11.5163 0.744774 0.297739 0.241 0.955 0.334 10 0.31 0.31 0.31 0.0143034 0.894467 0.116764 0.464034 1 1 1 -0.0760839 0.00961129 -0.000384126
1 204 -6.32624 1.25455 3.70092 0.904 0.245 0.828 72 0.055 0.055 0.055 0.0164837 0.461959 0.30076 0.888028 1 1 1 0.0505972 -0.00864854 -0.0174265
1 454 8.85293 -1.34001 -1.52702 0.128 0.913 0.112 85 0.22 0.22 0.22 0.0216852 0.00943022 0.979919 0.290536 1 1 1 -0.0505972 0.00864854 0.0174265
1 205 -9.82 -3.83911 3.86328 0.886 0.393 0.637 63 0.353333 0.353333 0.353333 0.0120878 0.0961333 0.803064 0.697775 1 1 1 0.0614244 0.0244465 -0.0192112
1 455 8.60732 3.49486 -1.90008 0.658 0.907 0.42 192 0.101667 0.101667 0.101667 0.0308176 0.741966 0.380902 0.165563 1 1 1 -0.0614244 -0.0244465 0.0192112
1 206 -5.96661 0.916898 1.1984 0.158 0.718 0.119 287 0.396667 0.396667 0.396667 0.0248824 0.453627 0.286386 0.220985 1 1 1 0.0546403 -0.0056854 -0.0154066
1 456 10.4255 -0.78872 -3.42357 0.584 0.649 0.385 245 0.205 0.205 0.205 0.0262557 0.0340892 0.429426 0.85577 1 1 1 -0.0546403 0.0056854 0.0154066
1 207 -6.82479 -3.61425 -3.52928 0.539 0.565 0.772 293 0.0816667 0.0816667 0.0816667 0.0108963 0.128819 0.0713523 0.566912 1 1 1 0.0365245 0.0166395 0.00209398
1 457 4.13257 1.37761 -2.90109 0.964 0.139 0.016 311 0.478333 0.478333 0.478333 0.0347093 0.370739 0.442122 0.707236 1 1 1 -0.0365245 -0.0166395 -0.00209398
1 208 -5.17899 -3.99414 -1.41374 0.708 0.852 0.243 344 0.456667 0.456667 0.456667 0.0389184 0.0664388 0.228919 0.972045 1 1 1 0.0535726 0.0248136 0.0132694
1 458 10.8928 3.44993 2.56709 0.197 0.68 0.871 63 0.05 0.05 0.05 0.0302499 0.742454 0.74694 0.335765 1 1 1 -0.0535726 -0.0248136 -0.0132694
1 209 -6.38264 3.07224 1.4987 0.596 0.517 0.205 335 0.25 0.25 0.25 0.0385546 0.669546 0.00286874 0.284677 1 1 1 0.0391459 -0.0100638 0.00330902
1 459 5.36113 0.053102 2.49141 0.07 0.297 0.042 123 0.408333 0.408333 0.408333 0.00116581 0.828822 0.746666 0.897336 1 1 1 -0.0391459 0.0100638 -0.00330902
1 210 -11.2029 -2.98264 2.11591 0.81 0.309 0.169 273 0.416667 0.416667 0.416667 0.0243086 0.800501 0.601001 0.326029 1 1 1 0.0601556 0.00748477 -0.00405774
1 460 6.84384 -0.737205 0.898587 0.375 0.33 0.933 267 0.376667 0.376667 0.376667 0.032208 0.871487 0.08652 0.657125 1 1 1 -0.0601556 -0.00748477 0.00405774
1 211 -5.66216 -3.30686 3.20603 0.522 0.662 0.088 203 0.365 0.365 0.365 0.0194244 0.39317 0.449446 0.0970794 1 1 1 0.0570476 0.0106408 -0.0198907
1 461 11.4521 -0.114628 -2.76119 0.45 0.2 0.515 35 0.488333 0.488333 0.488333 0.0359557 0.205237 0.268715 0.0764794 1 1 1 -0.0570476 -0.0106408 0.0198907
1 212 -5.8858 0.651509 1.30387 0.85 0.91 0.217 238 0.431667 0.431667 0.431667 0.00324351 0.895199 0.503739 0.300058 1 1 1 0.0371488 -0.00970407 -0.00337575
1 462 5.25883 -2.25971 0.291147 0.295 0.109 0.458 43 0.348333 0.348333 0.348333 0.0271053 0.916166 0.55797 0.136021 1 1 1 -0.0371488 0.00970407 0.00337575
1 213 -5.94171 -3.57518 -0.382702 0.798 0.045 0.518 30 0.483333 0.483333 0.483333 0.0258284 0.25898 0.709861 0.142827 1 1 1 0.0546574 0.00171962 0.0115083
1 463 10.4555 -3.0593 3.0698 0.697 0.702 0.108 338 0.153333 0.153333 0.153333 0.0133757 0.595233 0.522141 0.113773 1 1 1 -0.0546574 -0.00171962 -0.0115083
1 214 -4.68654 -1.1901 -2.06708 0.436 0.275 0.014 140 0.05 0.05 0.05 0.0136015 0.700491 0.209845 0.895657 1 1 1 0.0306471 0.0112186 0.00265796
1 464 4.50758 2.17548 -1.26969 0.375 0.494 0.656 223 0.216667 0.216667 0.216667 0.0368151 0.656758 0.0508744 0.537187 1 1 1 -0.0306471 -0.0112186 -0.00265796
1 215 -7.60851 -2.85372 -0.477187 0.569 0.287 0.473 5 0.306667 0.306667 0.306667 0.00975494 0.944121 0.385174 0.168126 1 1 1 0.0530688 0.0094762 -0.00681987
1 465 8.31214 -0.0108645 -2.52315 0.692 0.256 0.087 86 0.0716667 0.0716667 0.0716667 0.0392395 0.189673 0.19715 0.527818 1 1 1 -0.0530688 -0.0094762 0.00681987
1 216 -11.6719 3.59935 3.051 0.266 0.609 0.727 273 0.0616667 0.0616667 0.0616667 0.0131669 0.172826 0.331553 0.376171 1 1 1 0.0634126 -0.00844915 -0.0219457
1 466 7.35191 1.06461 -3.5327 0.063 0.105 0.455 49 0.433333 0.433333 0.433333 0.00557634 0.811121 0.684103 0.257179 1 1 1 -0.0634126 0.00844915 0.0219457
1 217 -5.15921 2.43989 3.47874 0.956 0.066 0.225 324 0.348333 0.348333 0.348333 0.0395911 0.402112 0.859401 0.366649 1 1 1 0.0500422 -0.00978871 -0.0158631
1 467 9.85345 -0.496719 -1.28019 0.092 0.771 0.492 284 0.403333 0.403333 0.403333 0.0188336 0.490249 0.422193 0.732871 1 1 1 -0.0500422 0.00978871 0.0158631
1 218 -6.51765 0.327769 1.97186 0.684 0.182 0.094 193 0.298333 0.298333 0.298333 0.00885159 0.496353 0.613392 0.669271 1 1 1 0.0548674 0.00259774 -0.00317555
1 468 9.94256 1.10709 1.0192 0.169 0.187 0.066 304 0.465 0.465 0.465 0.000468764 0.812067 0.879727 0.633198 1 1 1 -0.0548674 -0.00259774 0.00317555
1 219 -6.20026 1.59099 0.806299 0.703 0.521 0.888 98 0.426667 0.426667 0.426667 0.00182379 0.546709 0.404767 0.344218 1 1 1 0.0466705 -0.00310638 -0.00661072
1 469 7.8009 0.659078 -1.17692 0.034 0.948 0.684 241 0.133333 0.133333 0.133333 0.00989532 0.649007 0.650441 0.409833 1 1 1 -0.0466705 0.00310638 0.00661072
1 220 -11.511 -3.49266 -0.725242 0.316 0.199 0.98 153 0.265 0.265 0.265 0.0109085 0.828974 0.350414 0.894009 1 1 1 0.0611103 -0.00100589 0.00297861
1 470 6.82211 -3.79443 0.16834 0.029 0.554 0.608 72 0.355 0.355 0.355 0.0368773 0.709708 0.0624104 0.376476 1 1 1 -0.0611103 0.00100589 -0.00297861
1 221 -10.4475 2.58785 -1.40739 0.421 0.578 0.365 154 0.0916667 0.0916667 0.0916667 0.007781 0.0602741 0.91232 0.208777 1 1 1 0.0740501 -0.00750511 0.00661397
1 471 11.7676 0.336314 0.5768 0.159 0.6 0.225 66 0.225 0.225 0.225 0.000572527 0.933439 0.171606 0.00256355 1 1 1 -0.0740501 0.00750511 -0.00661397
1 222 -6.54598 -1.14615 -0.195196 0.09 0.352 0.778 295 0.275 0.275 0.275 0.0121598 0.173406 0.431013 0.0133366 1 1 1 0.0615652 0.0053737 -0.0028077
1 472 11.9236 0.465957 -1.03751 0.997 0.139 0.676 279 0.201667 0.201667 0.201667 0.00895779 0.198859 0.983764 0.131108 1 1 1 -0.0615652 -0.0053737 0.0028077
1 223 -4.72512 1.12223 2.69088 0.07 0.354 0.987 131 0.47 0.47 0.47 0.0253328 0.327433 0.247291 0.785211 1 1 1 0.0332709 -0.0166859 -0.0138465
1 473 5.25614 -3.88354 -1.46306 0.708 0.828 0.419 228 0.351667 0.351667 0.351667 0.0324009 0.316263 0.248726 0.338725 1 1 1 -0.0332709 0.0166859 0.0138465
1 224 -4.12793 -1.71551 -2.32759 0.944 0.302 0.272 271 0.351667 0.351667 0.351667 0.0322056 0.373363 0.00497452 0.61156 1 1 1 0.0389929 0.00970814 0.0101452
1 474 7.56993 1.19694 0.715964 0.609 0.562 0.893 49 0.223333 0.223333 0.223333 0.00511368 0.771355 0.671102 0.157414 1 1 1 -0.0389929 -0.00970814 -0.0101452
1 225 -5.96808 -2.41084 -1.28092 0.13 0.87 0.907 208 0.186667 0.186667 0.186667 0.015612 0.493698 0.229713 0.955107 1 1 1 0.0420968 0.0189882 0.00435397
1 475 6.66097 3.28562 0.0252695 0.153 0.733 0.499 91 0.251667 0.251667 0.251667 0.0282638 0.190191 0.879818 0.376049 1 1 1 -0.0420968 -0.0189882 -0.00435397
1 226 -4.37086 2.9216 -2.74581 0.542 0.319 0.129 263 0.32 0.32 0.32 0.0266463 0.234565 0.776391 0.796289 1 1 1 0.0328216 -0.0100369 -0.0041554
1 476 5.47563 -0.0894802 -3.99243 0.915 0.524 0.621 243 0.233333 0.233333 0.233333 0.00845607 0.993255 0.00216681 0.140751 1 1 1 -0.0328216 0.0100369 0.0041554
1 227 -8.21986 -1.91375 -2.93869 0.164 0.531 0.588 23 0.138333 0.138333 0.138333 0.0147453 0.649068 0.239753 0.121647 1 1 1 0.0616197 0.00581805 0.00355724
1 477 10.2661 -0.16834 -1.87152 0.529 0.432 0.099 54 0.361667 0.361667 0.361667 0.00537126 0.207831 0.184545 0.0732444 1 1 1 -0.0616197 -0.00581805 -0.00355724
1 228 -5.99811 -0.911283 2.1916 0.213 0.064 0.132 227 0.418333 0.418333 0.418333 0.0213068 0.770837 0.921628 0.226264 1 1 1 0.0591465 -0.00589048 -0.00836289
1 478 11.7458 -2.67843 -0.317271 0.571 0.679 0.444 203 0.04 0.04 0.04 0.022281 0.907407 0.904202 0.124943 1 1 1 -0.0591465 0.00589048 0.00836289
1 229 -9.63347 -0.585101 -2.13251 0.908 0.375 0.513 29 0.22 0.22 0.22 0.000556658 0.136479 0.448225 0.799615 1 1 1 0.0562664 0.000105797 0.00944121
1 479 7.24644 -0.553362 0.699851 0.988 0.699 0.971 8 0.343333 0.343333 0.343333 0.03322 0.246529 0.416059 0.386425 1 1 1 -0.0562664 -0.000105797 -0.00944121
1 230 -9.3422 0.313852 -3.6079 0.511 0.533 0.907 216 0.34 0.34 0.34 0.031445 0.575274 0.632252 0.263375 1 1 1 0.0573911 0.00678325 0.0115319
1 480 7.87512 2.34883 -0.14832 0.403 0.808 0.269 205 0.0916667 0.0916667 0.0916667 0.0205304 0.560625 0.177862 0.570879 1 1 1 -0.0573911 -0.00678325 -0.0115319
1 231 -7.47154 -1.92132 -3.94726 0.37 0.477 0.435 31 0.133333 0.133333 0.133333 0.0242964 0.985656 0.672079 0.329905 1 1 1 0.047132 -0.00517757 0.0243497
1 481 6.66805 -3.47459 3.35765 0.203 0.745 0.692 56 0.363333 0.363333 0.363333 0.0165654 0.498245 0.597613 0.389752 1 1 1 -0.047132 0.00517757 -0.0243497
1 232 -11.3454 0.327769 -2.97116 0.076 0.308 0.783 308 0.453333 0.453333 0.453333 0.00598041 0.316263 0.283181 0.25013 1 1 1 0.0769848 0.00261727 0.01954
1 482 11.75 1.11295 2.89084 0.803 0.907 0.023 351 0.258333 0.258333 0.258333 0.00326548 0.656117 0.946898 0.540178 1 1 1 -0.0769848 -0.00261727 -0.01954
1 233 -9.10587 -0.714499 2.29804 0.929 0.507 0.545 202 0.231667 0.231667 0.231667 0.00735374 0.47145 0.854793 0.719657 1 1 1 0.0586436 -0.00039959 0.000625019
1 483 8.4872 -0.834376 2.48555 0.158 0.704 0.688 97 0.085 0.085 0.085 0.023393 0.684286 0.784326 0.521958 1 1 1 -0.0586436 0.00039959 -0.000625019
1 234 -8.55922 -1.93573 3.541 0.662 0.961 0.728 219 0.126667 0.126667 0.126667 0.0367077 0.358623 0.225471 0.911954 1 1 1 0.0640205 -0.000418307 -0.0169968
1 484 10.6469 -2.06122 -1.55803 0.524 0.062 0.381 141 0.04 0.04 0.04 0.0371374 0.330851 0.732047 0.00384533 1 1 1 -0.0640205 0.000418307 0.0169968
1 235 -11.0175 1.94549 0.049684 0.424 0.598 0.966 331 0.218333 0.218333 0.218333 0.00298105 0.797632 0.171972 0.606952 1 1 1 0.0652274 -0.0125899 0.000612812
1 485 8.55068 -1.83148 0.233528 0.552 0.501 0.631 137 0.33 0.33 0.33 0.037882 0.395215 0.949919 0.957152 1 1 1 -0.0652274 0.0125899 -0.000612812
1 236 -8.14441 -1.33976 2.63228 0.069 0.842 0.841 355 0.283333 0.283333 0.283333 0.032512 0.509629 0.204352 0.884518 1 1 1 0.0479238 0.00564552 -0.0207331
1 486 6.23273 0.353893 -3.58763 0.544 0.229 0.158 253 0.285 0.285 0.285 0.000845973 0.0578021 0.150365 0.275704 1 1 1 -0.0479238 -0.00564552 0.0207331
1 237 -9.7973 -0.328013 -1.48015 0.257 0.9 0.987 151 0.486667 0.486667 0.486667 0.00301035 0.905332 0.761773 0.350658 1 1 1 0.0713108 0.00122074 0.00999054
1 487 11.5959 0.038209 1.51701 0.048 0.71 0.93 245 0.178333 0.178333 0.178333 0.018377 0.555834 0.498367 0.100986 1 1 1 -0.0713108 -0.00122074 -0.00999054
1 238 -6.87143 -1.54411 -2.72726 0.939 0.483 0.977 288 0.156667 0.156667 0.156667 0.0185968 0.890225 0.402173 0.366161 1 1 1 0.0614586 -0.00788924 0.00900988
1 488 11.5661 -3.91089 -0.0242927 0.695 0.645 0.412 322 0.288333 0.288333 0.288333 0.0356236 0.67336 0.239509 0.571062 1 1 1 -0.0614586 0.00788924 -0.00900988
1 239 -5.14457 -2.21821 -2.31343 0.718 0.984 0.551 338 0.16 0.16 0.16 0.00956694 0.40672 0.0801721 0.24543 1 1 1 0.0313185 0.0206663 0.0177667
1 489 4.25098 3.98169 3.01657 0.753 0.118 0.739 146 0.3 0.3 0.3 0.0203571 0.0146794 0.400708 0.21189 1 1 1 -0.0313185 -0.0206663 -0.0177667
1 240 -10.1201 1.99432 3.69872 0.384 0.153 0.619 175 0.075 0.075 0.075 0.0206964 0.930998 0.106326 0.89523 1 1 1 0.0607172 0.000279142 -0.00376151
1 490 8.0951 2.07807 2.57027 0.691 0.845 0.999 339 0.298333 0.298333 0.298333 0.0206879 0.529649 0.406812 0.690359 1 1 1 -0.0607172 -0.000279142 0.00376151
1 241 -10.8696 -1.70525 1.29337 0.31 0.632 0.589 339 0.366667 0.366667 0.366667 0.011796 0.643635 0.881863 0.861324 1 1 1 0.0630162 0.015383 -0.010382
1 491 8.03528 2.90963 -1.82122 0.162 0.587 0.37 268 0.276667 0.276667 0.276667 0.0244063 0.259346 0.956755 0.146947 1 1 1 -0.0630162 -0.015383 0.010382
1 242 -10.8791 -0.978179 0.410291 0.246 0.963 0.43 358 0.173333 0.173333 0.173333 0.0142961 0.493301 0.00241096 0.252266 1 1 1 0.0584588 0.00811955 0.00163335
1 492 6.65853 1.45769 0.900296 0.988 0.599 0.978 245 0.165 0.165 0.165 0.0337266 0.771905 0.00357067 0.827662 1 1 1 -0.0584588 -0.00811955 -0.00163335
1 243 -9.89032 0.933744 -2.15131 0.691 0.474 0.95 117 0.455 0.455 0.455 0.0275802 0.871059 0.825221 0.508774 1 1 1 0.0474925 -0.00166102 0.001224
1 493 4.35743 0.435438 -1.78411 0.869 0.69 0.536 250 0.0433333 0.0433333 0.0433333 0.0291745 0.255837 0.181585 0.2331 1 1 1 -0.0474925 0.00166102 -0.001224
1 244 -8.74673 -2.51192 -2.82492 0.029 0.715 0.355 233 0.106667 0.106667 0.106667 0.0188507 0.115421 0.0919828 0.487564 1 1 1 0.044111 0.0102672 0.00920276
1 494 4.48659 0.568254 -0.0640888 0.956 0.402 0.396 252 0.273333 0.273333 0.273333 0.0363512 0.740806 0.524369 0.504318 1 1 1 -0.044111 -0.0102672 -0.00920276
1 245 -5.23515 -3.87548 -2.37226 0.39 0.537 0.425 94 0.318333 0.318333 0.318333 0.0102493 0.565783 0.703207 0.828486 1 1 1 0.0558456 0.0258382 -0.00173996
1 495 11.5185 3.87597 -2.89425 0.588 0.961 0.607 312 0.373333 0.373333 0.373333 0.00935453 0.413739 0.817713 0.263253 1 1 1 -0.0558456 -0.0258382 0.00173996
1 246 -4.93094 0.545549 0.0252695 0.999 0.481 0.021 341 0.491667 0.491667 0.491667 0.0170025 0.383618 0.235633 0.0733665 1 1 1 0.0371016 -0.00864203 0.00629251
1 496 6.19953 -2.04706 1.91302 0.827 0.179 0.159 69 0.221667 0.221667 0.221667 0.0245759 0.499741 0.431104 0.627552 1 1 1 -0.0371016 0.00864203 -0.00629251
1 247 -7.04135 -2.00336 -2.32929 0.209 0.355 0.385 43 0.273333 0.273333 0.273333 0.0203156 0.860012 0.298532 0.506088 1 1 1 0.0558318 0.0108467 0.00973744
1 497 9.70818 1.25065 0.591937 0.55 0.835 0.471 186 0.05 0.05 0.05 0.0186493 0.675954 0.971343 0.617389 1 1 1 -0.0558318 -0.0108467 -0.00973744
1 248 -5.24906 -0.450087 0.259163 0.204 0.447 0.22 208 0.115 0.115 0.115 0.0188031 0.428175 0.320872 0.18131 1 1 1 0.033524 0.0060272 0.0102436
1 498 4.80813 1.35807 3.33225 0.707 0.766 0.356 310 0.183333 0.183333 0.183333 0.00428358 0.48735 0.602313 0.674093 1 1 1 -0.033524 -0.0060272 -0.0102436
1 249 -11.5561 -2.61763 2.78341 0.619 0.59 0.334 121 0.175 0.175 0.175 0.0221735 0.0999176 0.864345 0.112217 1 1 1 0.0718813 0.0163343 -0.0120015
1 499 10.0082 2.28266 -0.817042 0.069 0.902 0.169 86 0.46 0.46 0.46 0.0377392 0.733543 0.374371 0.50853 1 1 1 -0.0718813 -0.0163343 0.0120015
