Scenario_1
300
1 0 20 20 0 0.739 0.304 0.772 251 5 5 5 1.17442 0.950813 0.00590838 0.689334 1 1 1 0 0 0
1 1 -20 -20 -0 0.837 0.253 0.111 101 5 5 5 1.17442 -0.950813 -0.00590838 -0.689334 1 1 1 0 0 0
1 2 -1.51442 -0.897458 -0.426618 0.709 0.921 0.203 315 1.41375 1.41375 1.41375 0 0 0 0 1 1 1 0 0 0
1 3 5.279 3.01367 -4.55693 0.075 0.373 0.801 342 1.19141 1.19141 1.19141 0 0 0 0 1 1 1 0 0 0
1 4 -1.51228 2.44414 -5.70669 0.021 0.054 0.092 255 1.28211 1.28211 1.28211 0 0 0 0 1 1 1 0 0 0
1 5 5.66054 4.0032 4.37107 0.672 0.566 0.94 16 1.00603 1.00603 1.00603 0 0 0 0 1 1 1 0 0 0
1 6 1.76394 -1.04059 5.51143 0.294 0.123 0.747 19 1.27184 1.27184 1.27184 0 0 0 0 1 1 1 0 0 0
1 7 -1.56825 1.24055 5.08802 0.594 0.832 0.236 18 1.30172 1.30172 1.30172 0 0 0 0 1 1 1 0 0 0
1 8 3.26832 6.55138 -3.1333 0.407 0.801 0.67 167 1.30377 1.30377 1.30377 0 0 0 0 1 1 1 0 0 0
1 9 6.65862 -1.27686 5.88101 0.364 0.915 0.807 261 1.32031 1.32031 1.32031 0 0 0 0 1 1 1 0 0 0
1 10 6.31083 6.12241 4.73681 0.332 0.929 0.023 254 1.15061 1.15061 1.15061 0 0 0 0 1 1 1 0 0 0
1 11 1.3307 -3.93185 5.85324 0.016 0.012 0.793 235 1.11943 1.11943 1.11943 0 0 0 0 1 1 1 0 0 0
1 12 -1.4546 5.7806 3.2132 0.302 0.942 0.316 222 1.44537 1.44537 1.44537 0 0 0 0 1 1 1 0 0 0
1 13 6.72741 -3.60073 2.85003 0.747 0.604 0.735 304 1.46175 1.46175 1.46175 0 0 0 0 1 1 1 0 0 0
1 14 -4.11216 -1.45289 -1.02863 0.963 0.924 0.756 199 1.36471 1.36471 1.36471 0 0 0 0 1 1 1 0 0 0
1 15 5.53664 2.36595 1.98654 0.694 0.068 0.883 106 1.42351 1.42351 1.42351 0 0 0 0 1 1 1 0 0 0
1 16 -2.13651 -0.101474 -1.23926 0.451 0.696 0.51 292 1.1296 1.1296 1.1296 0 0 0 0 1 1 1 0 0 0
1 17 2.28562 0.966247 -4.61376 0.984 0.482 0.362 238 1.18284 1.18284 1.18284 0 0 0 0 1 1 1 0 0 0
1 18 2.10276 -6.59496 3.58962 0.122 0.035 0.547 322 1.37226 1.37226 1.37226 0 0 0 0 1 1 1 0 0 0
1 19 -3.3918 -4.52275 4.53001 0.94 0.718 0.283 301 1.48352 1.48352 1.48352 0 0 0 0 1 1 1 0 0 0
1 20 4.66716 -0.924802 3.56996 0.723 0.352 0.445 265 1.09938 1.09938 1.09938 0 0 0 0 1 1 1 0 0 0
1 21 -3.20808 2.52788 6.03568 0.459 0.669 0.333 43 1.17339 1.17339 1.17339 0 0 0 0 1 1 1 0 0 0
1 22 1.40547 1.4969 -5.43751 0.585 0.956 0.346 132 1.49792 1.49792 1.49792 0 0 0 0 1 1 1 0 0 0
1 23 2.61119 -5.19868 -6.45738 0.689 0.222 0.137 121 1.3001 1.3001 1.3001 0 0 0 0 1 1 1 0 0 0
1 24 6.33348 -2.71075 -1.05469 0.033 0.875 0.986 43 1.24506 1.24506 1.24506 0 0 0 0 1 1 1 0 0 0
1 25 2.395 1.89126 -3.64473 0.409 0.026 0.58 261 1.32107 1.32107 1.32107 0 0 0 0 1 1 1 0 0 0
1 26 -3.14527 -0.584704 -1.17689 0.717 0.165 0.225 98 1.36001 1.36001 1.36001 0 0 0 0 1 1 1 0 0 0
1 27 2.43004 -1.89468 -4.58385 0.428 0.221 0.43 225 1.36584 1.36584 1.36584 0 0 0 0 1 1 1 0 0 0
1 28 -4.75603 -2.61205 -4.49712 0.37 0.532 0.14 275 1.03395 1.03395 1.03395 0 0 0 0 1 1 1 0 0 0
1 29 -5.20124 -0.64153 0.732109 0.883 0.243 0.763 234 1.48444 1.48444 1.48444 0 0 0 0 1 1 1 0 0 0
1 30 5.95407 3.01581 -3.14527 0.907 0.393 0.767 164 1.36123 1.36123 1.36123 0 0 0 0 1 1 1 0 0 0
1 31 -5.54561 2.37791 5.33711 0.516 0.645 0.308 270 1.24358 1.24358 1.24358 0 0 0 0 1 1 1 0 0 0
1 32 -6.28391 6.85986 -1.00769 0.449 0.105 0.217 76 1.0269 1.0269 1.0269 0 0 0 0 1 1 1 0 0 0
1 33 -0.586413 5.09827 1.00812 0.585 0.395 0.14 143 1.20066 1.20066 1.20066 0 0 0 0 1 1 1 0 0 0
1 34 4.87524 -3.24012 -0.668874 0.514 0.151 0.157 171 1.35218 1.35218 1.35218 0 0 0 0 1 1 1 0 0 0
1 35 1.20081 4.03952 -4.03397 0.205 0.832 0.92 142 1.00903 1.00903 1.00903 0 0 0 0 1 1 1 0 0 0
1 36 -3.40333 0.385602 1.1991 0.891 0.186 0.227 308 1.21615 1.21615 1.21615 0 0 0 0 1 1 1 0 0 0
1 37 3.83316 -4.6035 -3.51869 0.023 0.913 0.666 130 1.49977 1.49977 1.49977 0 0 0 0 1 1 1 0 0 0
1 38 -1.61739 -1.51015 -5.39351 0.749 0.831 0.834 161 1.32708 1.32708 1.32708 0 0 0 0 1 1 1 0 0 0
1 39 2.42406 4.32194 -5.60073 0.533 0.576 0.319 160 1.35441 1.35441 1.35441 0 0 0 0 1 1 1 0 0 0
1 40 4.34288 6.23093 4.22837 0.973 0.119 0.854 102 1.16877 1.16877 1.16877 0 0 0 0 1 1 1 0 0 0
1 41 0.727836 -1.88314 2.83679 0.238 0.284 0.653 17 1.247 1.247 1.247 0 0 0 0 1 1 1 0 0 0
1 42 -0.23307 0.199744 2.87396 0.793 0.799 0.897 185 1.26107 1.26107 1.26107 0 0 0 0 1 1 1 0 0 0
1 43 6.29459 -3.37471 6.46165 0.582 0.049 0.743 328 1.4002 1.4002 1.4002 0 0 0 0 1 1 1 0 0 0
1 44 4.38816 4.53685 -4.50652 0.164 0.106 0.84 199 1.21027 1.21027 1.21027 0 0 0 0 1 1 1 0 0 0
1 45 -3.80752 -6.34031 0.572314 0.598 0.728 0.743 292 1.18552 1.18552 1.18552 0 0 0 0 1 1 1 0 0 0
1 46 6.10489 -5.63277 3.80667 0.643 0.582 0.383 231 1.44862 1.44862 1.44862 0 0 0 0 1 1 1 0 0 0
1 47 -0.808588 3.67251 -5.59261 0.445 0.661 0.088 40 1.01166 1.01166 1.01166 0 0 0 0 1 1 1 0 0 0
1 48 3.62337 4.58086 -6.28904 0.572 0.478 0.514 167 1.13248 1.13248 1.13248 0 0 0 0 1 1 1 0 0 0
1 49 -6.37236 -3.24055 0.489425 0.682 0.175 0.575 56 1.10117 1.10117 1.10117 0 0 0 0 1 1 1 0 0 0
1 50 5.15381 -5.59603 1.49049 0.389 0.807 0.576 137 1.45212 1.45212 1.45212 0 0 0 0 1 1 1 0 0 0
1 51 -2.31553 1.26105 -4.91455 0.938 0.44 0.131 312 1.16732 1.16732 1.16732 0 0 0 0 1 1 1 0 0 0
1 52 -2.21299 3.05939 -0.776544 0.284 0.966 0.445 83 1.16031 1.16031 1.16031 0 0 0 0 1 1 1 0 0 0
1 53 -1.79171 5.40547 -5.20338 0.165 0.178 0.221 100 1.28108 1.28108 1.28108 0 0 0 0 1 1 1 0 0 0
1 54 1.19739 6.79192 -6.53813 0.858 0.304 0.908 358 1.02028 1.02028 1.02028 0 0 0 0 1 1 1 0 0 0
1 55 -0.745781 6.44371 -3.37001 0.785 0.861 0.178 326 1.17579 1.17579 1.17579 0 0 0 0 1 1 1 0 0 0
1 56 -5.41017 -5.53536 -3.04358 0.641 0.449 0.68 169 1.16164 1.16164 1.16164 0 0 0 0 1 1 1 0 0 0
1 57 -3.99637 0.221534 3.40461 0.701 0.449 0.686 8 1.18821 1.18821 1.18821 0 0 0 0 1 1 1 0 0 0
1 58 -1.84597 3.46144 -4.33476 0.015 0.179 0.901 150 1.08573 1.08573 1.08573 0 0 0 0 1 1 1 0 0 0
1 59 -0.670156 -1.06964 -3.25806 0.985 0.511 0.52 288 1.28835 1.28835 1.28835 0 0 0 0 1 1 1 0 0 0
1 60 4.38389 1.61269 -0.672719 0.121 0.212 0.408 220 1.3348 1.3348 1.3348 0 0 0 0 1 1 1 0 0 0
1 61 -5.185 2.60478 -2.04166 0.861 0.904 0.792 4 1.02359 1.02359 1.02359 0 0 0 0 1 1 1 0 0 0
1 62 -2.74535 5.98441 2.13736 0.619 0.35 0.372 323 1.20083 1.20083 1.20083 0 0 0 0 1 1 1 0 0 0
1 63 -2.80902 -4.46123 0.623158 0.963 0.548 0.922 169 1.0038 1.0038 1.0038 0 0 0 0 1 1 1 0 0 0
1 64 3.18201 3.38411 -2.58599 0.979 0.761 0.489 304 1.35783 1.35783 1.35783 0 0 0 0 1 1 1 0 0 0
1 65 -3.21107 -3.0658 -2.80987 0.543 0.596 0.192 287 1.09804 1.09804 1.09804 0 0 0 0 1 1 1 0 0 0
1 66 3.61226 -5.86648 3.23969 0.281 0.038 0.772 159 1.02162 1.02162 1.02162 0 0 0 0 1 1 1 0 0 0
1 67 4.30699 2.49712 3.62465 0.509 0.014 0.991 113 1.1126 1.1126 1.1126 0 0 0 0 1 1 1 0 0 0
1 68 5.85281 -6.25486 3.69814 0.804 0.519 0.819 56 1.23424 1.23424 1.23424 0 0 0 0 1 1 1 0 0 0
1 69 3.87075 5.17304 4.1301 0.946 0.102 0.898 40 1.18532 1.18532 1.18532 0 0 0 0 1 1 1 0 0 0
1 70 0.988464 2.37748 -2.75732 0.869 0.193 0.27 326 1.19887 1.19887 1.19887 0 0 0 0 1 1 1 0 0 0
1 71 5.66994 -2.58428 -3.32643 0.632 0.683 0.716 169 1.27709 1.27709 1.27709 0 0 0 0 1 1 1 0 0 0
1 72 2.28776 -6.8919 -1.30549 0.876 0.067 0.591 151 1.31925 1.31925 1.31925 0 0 0 0 1 1 1 0 0 0
1 73 -3.8417 -6.83551 -5.24012 0.088 0.518 0.097 345 1.27879 1.27879 1.27879 0 0 0 0 1 1 1 0 0 0
1 74 1.07135 4.86883 -6.92181 0.357 0.069 0.629 21 1.28562 1.28562 1.28562 0 0 0 0 1 1 1 0 0 0
1 75 -0.310404 1.74044 -2.46123 0.135 0.703 0.883 279 1.19478 1.19478 1.19478 0 0 0 0 1 1 1 0 0 0
1 76 6.36808 -5.91006 6.78338 0.162 0.798 0.34 85 1.26113 1.26113 1.26113 0 0 0 0 1 1 1 0 0 0
1 77 -1.77334 -5.05683 6.66118 0.508 0.795 0.168 202 1.42302 1.42302 1.42302 0 0 0 0 1 1 1 0 0 0
1 78 0.57915 -5.50417 -4.92566 0.282 0.739 0.7 107 1.02094 1.02094 1.02094 0 0 0 0 1 1 1 0 0 0
1 79 -2.79363 3.49818 5.99808 0.769 0.872 0.261 142 1.14154 1.14154 1.14154 0 0 0 0 1 1 1 0 0 0
1 80 -1.46785 -1.25636 1.54689 0.052 0.262 0.364 123 1.34196 1.34196 1.34196 0 0 0 0 1 1 1 0 0 0
1 81 5.47169 -5.63149 5.21534 0.482 0.161 0.728 11 1.04263 1.04263 1.04263 0 0 0 0 1 1 1 0 0 0
1 82 -5.49989 -3.44691 -4.51891 0.502 0.984 0.574 183 1.09883 1.09883 1.09883 0 0 0 0 1 1 1 0 0 0
1 83 -6.81329 1.1457 -2.02884 0.882 0.673 0.662 105 1.44148 1.44148 1.44148 0 0 0 0 1 1 1 0 0 0
1 84 -2.23478 3.30805 5.93869 0.939 0.913 0.292 88 1.45222 1.45222 1.45222 0 0 0 0 1 1 1 0 0 0
1 85 -2.45054 6.39457 -4.06388 0.967 0.756 0.428 246 1.44014 1.44014 1.44014 0 0 0 0 1 1 1 0 0 0
1 86 4.78039 2.59239 -6.39714 0.534 0.334 0.39 171 1.28202 1.28202 1.28202 0 0 0 0 1 1 1 0 0 0
1 87 1.67122 -1.65798 -3.31703 0.701 0.89 0.441 273 1.16042 1.16042 1.16042 0 0 0 0 1 1 1 0 0 0
1 88 1.81606 3.55501 3.58278 0.006 0.376 0.499 68 1.18346 1.18346 1.18346 0 0 0 0 1 1 1 0 0 0
1 89 6.96881 -4.70861 4.47661 0.348 0.244 0.906 299 1.38426 1.38426 1.38426 0 0 0 0 1 1 1 0 0 0
1 90 6.77313 -0.975646 -2.6505 0.987 0.398 0.904 232 1.46963 1.46963 1.46963 0 0 0 0 1 1 1 0 0 0
1 91 -0.478317 -3.55672 -0.0899382 0.653 0.703 0.955 36 1.07009 1.07009 1.07009 0 0 0 0 1 1 1 0 0 0
1 92 3.45845 2.78466 -1.47298 0.125 0.657 0.233 221 1.27357 1.27357 1.27357 0 0 0 0 1 1 1 0 0 0
1 93 -6.11002 2.12668 0.883786 0.365 0.04 0.49 29 1.46144 1.46144 1.46144 0 0 0 0 1 1 1 0 0 0
1 94 6.76586 6.02756 -1.98654 0.821 0.569 0.047 131 1.07859 1.07859 1.07859 0 0 0 0 1 1 1 0 0 0
1 95 -4.4514 -3.45076 -2.61461 0.836 0.007 0.364 248 1.17945 1.17945 1.17945 0 0 0 0 1 1 1 0 0 0
1 96 3.60628 -2.46422 -6.24503 0.768 0.704 0.404 297 1.38894 1.38894 1.38894 0 0 0 0 1 1 1 0 0 0
1 97 -0.785089 6.82012 5.66695 0.383 0.542 0.82 348 1.11153 1.11153 1.11153 0 0 0 0 1 1 1 0 0 0
1 98 -1.10895 -6.67443 0.0980558 0.898 0.016 0.583 230 1.34777 1.34777 1.34777 0 0 0 0 1 1 1 0 0 0
1 99 0.565905 1.89767 -2.58428 0.059 0.088 0.38 143 1.38043 1.38043 1.38043 0 0 0 0 1 1 1 0 0 0
