Scenario_4
300
1 0 0.0891446 -0.889584 -0.830744 0.349 0.722 0.336 35 0.00833333 0.00833333 0.00833333 0.0712082 0.783105 0.817957 0.676412 1 1 1 0.0025176 -0.0251234 -0.0234617
1 1 0.338847 0.372478 -0.410749 0.267 0.344 0.519 41 0.268333 0.268333 0.268333 0.0242634 0.303629 0.469192 0.660482 1 1 1 0.0160106 0.0175996 -0.0194079
1 2 -0.291971 0.291665 0.141148 0.935 0.172 0.405 99 0.3 0.3 0.3 0.07374 0.863216 0.729789 0.689047 1 1 1 -0.0294438 0.029413 0.0142341
1 3 0.879086 -0.231788 0.371319 0.298 0.766 0.928 187 0.49 0.49 0.49 0.00149174 0.559557 0.258461 0.109867 1 1 1 0.0220926 -0.00582515 0.00933175
1 4 -0.186193 -0.974303 0.134861 0.029 0.214 0.339 188 0.00833333 0.00833333 0.00833333 0.0562542 0.501114 0.022248 0.84518 1 1 1 -0.00360522 -0.0188652 0.00261129
1 5 -0.457198 -0.318339 -0.427778 0.68 0.114 0.21 103 0.263333 0.263333 0.263333 0.0181207 0.344646 0.465011 0.316874 1 1 1 -0.00452666 -0.00315183 -0.00423537
1 6 0.204199 0.0675985 -0.66393 0.998 0.571 0.162 57 0.363333 0.363333 0.363333 0.061684 0.926756 0.841517 0.973205 1 1 1 0.00164848 0.000545717 -0.00535985
1 7 -0.667165 -0.200537 -0.932615 0.654 0.976 0.358 75 0.436667 0.436667 0.436667 0.0402747 0.232063 0.290109 0.562883 1 1 1 -0.0224964 -0.006762 -0.0314472
1 8 0.399518 -0.40202 0.122288 0.292 0.121 0.587 344 0.04 0.04 0.04 0.0677853 0.95291 0.995575 0.339885 1 1 1 0.0189347 -0.0190533 0.0057957
1 9 -0.400372 0.358989 0.548448 0.287 0.101 0.949 171 0.22 0.22 0.22 0.0556633 0.614765 0.952239 0.85989 1 1 1 -0.00710597 0.00637148 0.00973407
1 10 0.892758 -0.526597 0.311991 0.072 0.302 0.968 351 0.145 0.145 0.145 0.0292514 0.506027 0.971709 0.468947 1 1 1 0.0232719 -0.013727 0.00813279
1 11 -0.708853 0.398297 0.773553 0.169 0.576 0.4 188 0.325 0.325 0.325 0.0226814 0.758782 0.295572 0.983551 1 1 1 -0.0266142 0.0149543 0.0290434
1 12 0.399457 -0.523789 0.415265 0.236 0.429 0.769 161 0.0483333 0.0483333 0.0483333 0.00568621 0.657582 0.0883816 0.924741 1 1 1 0.0212996 -0.0279291 0.0221425
1 13 0.203162 0.00631738 0.817194 0.215 0.995 0.903 308 0.483333 0.483333 0.483333 0.0460756 0.871364 0.154363 0.5562 1 1 1 0.00854531 0.000265719 0.0343725
1 14 -0.892026 -0.435652 0.883724 0.583 0.34 0.359 252 0.318333 0.318333 0.318333 0.0298935 0.344066 0.803858 0.138096 1 1 1 -0.00449541 -0.00219549 0.00445357
1 15 0.22898 0.572924 -0.679739 0.218 0.326 0.685 8 0.0816667 0.0816667 0.0816667 0.0539177 0.0648518 0.261574 0.333537 1 1 1 0.00883777 0.0221127 -0.0262353
1 16 -0.0706503 0.121738 -0.639943 0.075 0.641 0.571 325 0.208333 0.208333 0.208333 0.0780029 0.0433668 0.507157 0.914579 1 1 1 -0.000936116 0.00161303 -0.00847923
1 17 0.609729 -0.961669 -0.259804 0.249 0.932 0.169 147 0.288333 0.288333 0.288333 0.0744725 0.921995 0.885159 0.718131 1 1 1 0.0212109 -0.033454 -0.00903792
1 18 -0.252907 0.208045 -0.0713218 0.537 0.183 0.335 48 0.0566667 0.0566667 0.0566667 0.0761937 0.0208441 0.00546281 0.971252 1 1 1 -0.0338762 0.027867 -0.00955335
1 19 -0.816034 0.144139 -0.399335 0.224 0.738 0.541 44 0.0866667 0.0866667 0.0866667 0.0367492 0.89111 0.530534 0.468917 1 1 1 -0.0201366 0.0035568 -0.00985407
1 20 0.66747 -0.191382 0.365276 0.146 0.477 0.54 20 0.0333333 0.0333333 0.0333333 0.0483731 0.495224 0.00643941 0.819025 1 1 1 0.0377211 -0.0108156 0.020643
1 21 -0.361858 0.68218 -0.258095 0.526 0.262 0.306 328 0.435 0.435 0.435 0.0149028 0.595325 0.0995819 0.227973 1 1 1 -0.00163557 0.0030834 -0.00116657
1 22 -0.730644 0.0846279 -0.613086 0.831 0.238 0.825 341 0.0983333 0.0983333 0.0983333 0.0448622 0.325938 0.812281 0.667928 1 1 1 -0.00691049 0.000800418 -0.00579863
1 23 0.756279 -0.254738 -0.42967 0.036 0.004 0.456 11 0.218333 0.218333 0.218333 0.0143046 0.945494 0.958373 0.462569 1 1 1 0.0147158 -0.00495672 -0.00836058
1 24 -0.145543 -0.376873 -0.0978118 0.368 0.337 0.449 167 0.15 0.15 0.15 0.0442445 0.716514 0.810389 0.910642 1 1 1 -0.0140803 -0.0364601 -0.00946267
1 25 -0.33018 0.977233 0.309061 0.3 0.786 0.498 26 0.336667 0.336667 0.336667 0.0460414 0.330943 0.572588 0.353679 1 1 1 -0.0114699 0.0339474 0.0107362
1 26 -0.303079 0.68688 0.260903 0.712 0.433 0.148 224 0.185 0.185 0.185 0.0387878 0.0861843 0.793786 0.256569 1 1 1 -0.00123604 0.00280128 0.00106403
1 27 -0.89172 0.822199 0.247352 0.086 0.3 0.847 307 0.425 0.425 0.425 0.0467421 0.751823 0.840083 0.670827 1 1 1 -0.014676 0.0135318 0.00407093
1 28 0.29368 -0.535691 -0.49559 0.087 0.837 0.236 206 0.411667 0.411667 0.411667 0.0483657 0.811823 0.293069 0.872738 1 1 1 0.0140021 -0.0255408 -0.0236289
1 29 0.648671 0.775567 -0.00900298 0.715 0.288 0.393 130 0.133333 0.133333 0.133333 0.0619965 0.169866 0.110294 0.386578 1 1 1 0.00425682 0.00508956 -5.9081e-05
1 30 0.614185 0.319865 0.615467 0.318 0.608 0.625 188 0.396667 0.396667 0.396667 0.0286093 0.105014 0.582171 0.0598468 1 1 1 0.00797901 0.00415543 0.00799566
1 31 -0.0346385 -0.366863 -0.28782 0.925 0.018 0.825 180 0.38 0.38 0.38 0.0343663 0.227149 0.258797 0.325175 1 1 1 -0.00330085 -0.0349599 -0.0274276
1 32 0.350688 0.0435499 -0.231849 0.461 0.577 0.996 224 0.236667 0.236667 0.236667 0.0360582 0.996612 0.450545 0.184057 1 1 1 0.035105 0.00435949 -0.0232089
1 33 0.0808436 -0.258278 0.399518 0.501 0.232 0.8 47 0.416667 0.416667 0.416667 0.0108133 0.426374 0.201209 0.132756 1 1 1 0.00411227 -0.0131378 0.0203223
1 34 -0.831965 0.101291 -0.421918 0.135 0.819 0.663 295 0.153333 0.153333 0.153333 0.0363097 0.368877 0.844813 0.912107 1 1 1 -0.0115026 0.00140043 -0.00583337
1 35 0.614978 -0.751152 -0.892026 0.995 0.463 0.431 279 0.256667 0.256667 0.256667 0.0196124 0.518723 0.0152287 0.931059 1 1 1 0.0100992 -0.0123355 -0.0146489
1 36 -0.0462356 0.884762 0.352153 0.308 0.837 0.826 261 0.435 0.435 0.435 0.0407776 0.339793 0.694968 0.39552 1 1 1 -0.00180674 0.0345738 0.0137611
1 37 -0.96466 0.352885 0.20896 0.504 0.835 0.222 210 0.395 0.395 0.395 0.0331114 0.823054 0.512803 0.789178 1 1 1 -0.0336226 0.0122996 0.00728317
1 38 0.0680867 -0.038667 -0.661306 0.004 0.338 0.438 193 0.488333 0.488333 0.488333 0.00336192 0.177862 0.282662 0.0348216 1 1 1 0.0017966 -0.0010203 -0.0174499
1 39 -0.0928068 -0.447249 0.640309 0.086 0.689 0.863 92 0.408333 0.408333 0.408333 0.0204767 0.131932 0.793329 0.254128 1 1 1 -0.00459256 -0.0221322 0.0316858
1 40 0.593738 0.324381 -0.0224311 0.794 0.649 0.908 303 0.376667 0.376667 0.376667 0.030455 0.446242 0.00186163 0.956236 1 1 1 0.0292662 0.0159892 -0.00110566
1 41 0.143468 -0.101535 -0.843867 0.461 0.991 0.091 282 0.115 0.115 0.115 0.0333824 0.369732 0.140294 0.235633 1 1 1 0.00550842 -0.00389843 -0.0324002
1 42 -0.4138 0.64275 -0.850215 0.421 0.19 0.518 195 0.273333 0.273333 0.273333 0.0458925 0.356212 0.934935 0.477096 1 1 1 -0.013263 0.0206013 -0.0272509
1 43 0.254677 -0.759453 -0.422834 0.343 0.738 0.019 146 0.0733333 0.0733333 0.0733333 0.00780053 0.880917 0.718284 0.176031 1 1 1 0.0105645 -0.0315037 -0.01754
1 44 -0.676382 -0.488693 0.428083 0.671 0.957 0.661 267 0.163333 0.163333 0.163333 0.0771044 0.484573 0.9429 0.744133 1 1 1 -0.0211918 -0.0153113 0.0134123
1 45 -0.400922 0.480575 0.0403759 0.228 0.046 0.768 200 0.236667 0.236667 0.236667 0.0364391 0.767968 0.0134281 0.274453 1 1 1 -0.0190657 0.0228536 0.00192007
1 46 -0.443098 -0.299417 -0.673757 0.466 0.541 0.864 205 0.338333 0.338333 0.338333 0.0793701 0.199286 0.571795 0.525925 1 1 1 -0.0182775 -0.0123507 -0.027792
1 47 -0.367534 -0.179357 0.249184 0.798 0.792 0.491 202 0.446667 0.446667 0.446667 0.0390222 0.692038 0.963927 0.20014 1 1 1 -0.0262017 -0.0127865 0.0177644
1 48 0.759392 0.407025 0.549913 0.117 0.457 0.658 36 0.393333 0.393333 0.393333 0.0622333 0.467055 0.633839 0.958403 1 1 1 0.00188661 0.0010112 0.00136618
1 49 -0.841548 -0.986267 0.723441 0.245 0.094 0.772 236 0.373333 0.373333 0.373333 0.00154546 0.621998 0.367748 0.848109 1 1 1 -0.00150716 -0.00176634 0.00129564
1 50 -0.622852 -0.49736 -0.754448 0.338 0.544 0.435 62 0.393333 0.393333 0.393333 0.0753417 0.312937 0.456343 0.99414 1 1 1 -0.00825152 -0.00658901 -0.0099949
1 51 -0.421796 -0.386334 0.0494095 0.603 0.789 0.493 299 0.448333 0.448333 0.448333 0.0407801 0.79281 0.564623 0.889401 1 1 1 -0.0281278 -0.025763 0.00329491
1 52 -0.920957 -0.214576 0.251686 0.658 0.294 0.941 128 0.236667 0.236667 0.236667 0.0405213 0.187811 0.130497 0.52916 1 1 1 -0.0295662 -0.00688868 0.00808006
1 53 0.140599 -0.774957 0.129673 0.608 0.913 0.087 237 0.476667 0.476667 0.476667 0.046664 0.2378 0.686789 0.766869 1 1 1 0.00643058 -0.0354443 0.00593087
1 54 0.00643945 -0.770989 -0.652333 0.127 0.104 0.816 271 0.333333 0.333333 0.333333 0.0126981 0.00195318 0.25663 0.791375 1 1 1 8.08179e-06 -0.000967626 -0.000818707
1 55 -0.807978 -0.246864 -0.566637 0.261 0.647 0.243 78 0.338333 0.338333 0.338333 0.052963 0.316202 0.0887783 0.0166936 1 1 1 -0.0239109 -0.00730557 -0.0167688
1 56 0.0234077 -0.767083 0.504685 0.64 0.29 0.709 319 0.47 0.47 0.47 0.0242854 0.725364 0.302713 0.701224 1 1 1 0.000547214 -0.0179325 0.0117983
1 57 -0.57329 -0.345988 0.245949 0.996 0.262 0.858 347 0.388333 0.388333 0.388333 0.0753905 0.291177 0.0207221 0.977752 1 1 1 -0.0284073 -0.0171442 0.0121871
1 58 -0.0332957 0.872433 -0.865047 0.271 0.267 0.053 207 0.436667 0.436667 0.436667 0.0659542 0.363353 0.389752 0.684378 1 1 1 -0.00113857 0.0298334 -0.0295809
1 59 -0.863582 0.184667 -0.0807825 0.166 0.432 0.813 202 0.49 0.49 0.49 0.0266317 0.852901 0.329997 0.709708 1 1 1 -0.00982494 0.00210095 -0.000919059
1 60 0.895749 -0.851558 -0.657521 0.597 0.023 0.554 298 0.215 0.215 0.215 0.071218 0.915769 0.718314 0.947508 1 1 1 0.0131751 -0.0125251 -0.00967112
1 61 -0.539354 -0.34727 0.121555 0.979 0.348 0.156 296 0.0166667 0.0166667 0.0166667 0.0790283 0.146123 0.088992 0.905179 1 1 1 -0.0374368 -0.0241042 0.00843722
1 62 -0.657521 -0.762078 -0.82757 0.099 0.602 0.356 255 0.44 0.44 0.44 0.0130692 0.74102 0.578448 0.653127 1 1 1 -0.0133151 -0.0154324 -0.0167586
1 63 -0.363445 -0.333354 0.0874965 0.292 0.495 0.041 192 0.228333 0.228333 0.228333 0.0683883 0.981262 0.671773 0.370586 1 1 1 -0.0131866 -0.0120948 0.00317457
1 64 0.561693 0.743461 -0.138585 0.65 0.283 0.301 65 0.318333 0.318333 0.318333 0.0779174 0.703024 0.567949 0.86932 1 1 1 0.0209934 0.0277871 -0.00517963
1 65 0.248878 -0.614368 -0.131809 0.475 0.829 0.749 129 0.103333 0.103333 0.103333 0.0263289 0.105075 0.0714744 0.895596 1 1 1 0.00939885 -0.0232015 -0.00497776
1 66 -0.219337 -0.0566118 -0.912534 0.754 0.59 0.861 30 0.0266667 0.0266667 0.0266667 0.00531999 0.698172 0.902097 0.748772 1 1 1 -0.00919996 -0.00237455 -0.0382758
1 67 0.480087 -0.23014 -0.418805 0.504 0.332 0.857 240 0.383333 0.383333 0.383333 0.063603 0.30784 0.28251 0.653066 1 1 1 0.0295406 -0.0141609 -0.0257699
1 68 -0.550523 0.0418409 0.22013 0.27 0.776 0.933 307 0.466667 0.466667 0.466667 0.00168706 0.772393 0.162481 0.238899 1 1 1 -0.00713116 0.000541983 0.00285143
1 69 -0.639882 -0.170019 0.66039 0.061 0.344 0.798 169 0.286667 0.286667 0.286667 0.0533854 0.371868 0.496109 0.296609 1 1 1 -0.0169257 -0.00449722 0.0174682
1 70 0.490829 -0.581164 -0.429914 0.806 0.462 0.166 181 0.158333 0.158333 0.158333 0.00165777 0.163396 0.122898 0.859981 1 1 1 0.000591212 -0.000700021 -0.000517839
1 71 -0.983093 0.877621 -0.89404 0.554 0.191 0.188 105 0.345 0.345 0.345 0.0510904 0.0483413 0.796899 0.276681 1 1 1 -0.021792 0.019454 -0.019818
1 72 -0.450117 -0.119968 -0.360271 0.051 0.957 0.362 177 0.346667 0.346667 0.346667 0.0731443 0.373241 0.0335093 0.840815 1 1 1 -0.0246738 -0.00657621 -0.0197487
1 73 -0.0741905 0.77514 0.734794 0.36 0.981 0.694 357 0.491667 0.491667 0.491667 0.02618 0.00888089 0.128086 0.202277 1 1 1 -0.00129906 0.0135726 0.0128661
1 74 0.244789 0.907041 0.372661 0.405 0.897 0.265 204 0.0883333 0.0883333 0.0883333 0.0101468 0.906827 0.568987 0.293558 1 1 1 0.00833951 0.0309012 0.0126959
1 75 0.159886 0.185705 0.429853 0.777 0 0.355 236 0.121667 0.121667 0.121667 0.0416663 0.681204 0.639546 0.960814 1 1 1 0.00630854 0.00732726 0.0169605
1 76 0.41612 -0.0929899 0.404034 0.239 0.497 0.197 242 0.323333 0.323333 0.323333 0.0420594 0.737815 0.16892 0.26838 1 1 1 0.0165803 -0.00370519 0.0160988
1 77 0.63976 0.823237 -0.609302 0.19 0.044 0.221 192 0.303333 0.303333 0.303333 0.0682858 0.669637 0.267312 0.395672 1 1 1 0.0211084 0.0271621 -0.0201035
1 78 -0.622852 0.463118 0.31016 0.825 0.257 0.845 274 0.456667 0.456667 0.456667 0.0389001 0.00256355 0.355083 0.575915 1 1 1 -0.0319268 0.023739 0.0158985
1 79 0.383892 -0.297586 0.383404 0.631 0.207 0.373 288 0.446667 0.446667 0.446667 0.0131181 0.704459 0.647877 0.2584 1 1 1 0.00869745 -0.00674209 0.00868638
1 80 -0.836177 0.584155 -0.140904 0.899 0.982 0.436 279 0.151667 0.151667 0.151667 0.0590277 0.00143437 0.41435 0.331767 1 1 1 -0.0275636 0.019256 -0.00464474
1 81 -0.241737 -0.611255 0.990173 0.181 0.053 0.859 200 0.216667 0.216667 0.216667 0.00622578 0.38786 0.360332 0.519669 1 1 1 -0.00810986 -0.0205065 0.0332186
1 82 -0.215186 0.954772 -0.739982 0.992 0.421 0.755 143 0.47 0.47 0.47 0.0590619 0.434156 0.222602 0.381237 1 1 1 -0.00529772 0.0235058 -0.0182178
1 83 -0.273354 0.248573 0.859676 0.458 0.404 0.418 222 0.278333 0.278333 0.278333 0.0540886 0.0274972 0.149815 0.572131 1 1 1 -0.00167963 0.00152736 0.00528229
1 84 0.471358 -0.814692 0.413739 0.751 0.515 0.546 7 0.0383333 0.0383333 0.0383333 0.0753954 0.0315561 0.571978 0.2331 1 1 1 0.00782864 -0.0135309 0.00687167
1 85 -0.899777 0.698843 0.957213 0.086 0.208 0.249 141 0.385 0.385 0.385 0.0450087 0.204718 0.33311 0.00802637 1 1 1 -0.0151163 0.0117406 0.0160812
1 86 0.927366 0.0621052 0.162206 0.883 0.413 0.306 212 0.22 0.22 0.22 0.00231452 0.498001 0.7799 0.993316 1 1 1 0.0175192 0.00117325 0.00306429
1 87 -0.211829 -0.542528 0.814264 0.955 0.399 0.13 301 0.146667 0.146667 0.146667 0.0293442 0.0288095 0.152806 0.132694 1 1 1 -0.00738759 -0.0189208 0.0283977
1 88 0.579333 -0.202979 -0.460982 0.867 0.88 0.916 179 0.03 0.03 0.03 0.0439662 0.0708029 0.22776 0.165899 1 1 1 0.0321412 -0.0112612 -0.0255752
1 89 0.0470901 -0.207007 -0.221229 0.313 0.229 0.726 81 0.141667 0.141667 0.141667 0.066274 0.914975 0.550432 0.807062 1 1 1 0.00670299 -0.0294662 -0.0314906
1 90 -0.173376 0.277932 -0.980895 0.897 0.777 0.202 145 0.37 0.37 0.37 0.0154277 0.162755 0.424268 0.206214 1 1 1 -0.00327279 0.00524649 -0.0185162
1 91 -0.268838 -0.225135 0.265236 0.938 0.288 0.542 22 0.075 0.075 0.075 0.0189874 0.810968 0.800562 0.221839 1 1 1 -0.0235734 -0.0197412 0.0232576
1 92 -0.708975 -0.681814 -0.231239 0.67 0.309 0.332 51 0.286667 0.286667 0.286667 0.0430091 0.600818 0.838496 0.494369 1 1 1 -0.0290813 -0.0279672 -0.00948513
1 93 -0.457503 0.523301 -0.995788 0.854 0.98 0.322 9 0.433333 0.433333 0.433333 0.0216462 0.713492 0.808802 0.419568 1 1 1 -0.00214403 0.00245238 -0.00466664
1 94 -0.932859 0.907285 0.895749 0.02 0.737 0.611 222 0.416667 0.416667 0.416667 0.0343199 0.0395825 0.726951 0.0712912 1 1 1 -0.000496177 0.000482575 0.000476439
1 95 0.280679 0.459212 0.29313 0.575 0.775 0.381 256 0.318333 0.318333 0.318333 0.0240266 0.684194 0.753502 0.420301 1 1 1 0.000725977 0.00118775 0.000758183
1 96 -0.0278634 -0.539781 0.699088 0.242 0.786 0.577 246 0.306667 0.306667 0.306667 0.0460195 0.333232 0.109836 0.16892 1 1 1 -0.00134538 -0.0260632 0.0337553
1 97 0.0929289 -0.445723 -0.754631 0.821 0.846 0.462 232 0.045 0.045 0.045 0.0137138 0.0235603 0.268715 0.302652 1 1 1 0.00363389 -0.0174295 -0.0295091
1 98 0.795892 0.0679647 -0.0805383 0.89 0.733 0.862 345 0.246667 0.246667 0.246667 0.0201617 0.119877 0.562029 0.395642 1 1 1 0.00454059 0.00038774 -0.000459473
1 99 -0.275735 -0.418928 -0.958983 0.689 0.085 0.071 20 0.0833333 0.0833333 0.0833333 0.0308994 0.409589 0.649342 0.162816 1 1 1 -0.00214056 -0.00325219 -0.00744471
1 100 -0.44908 0.747063 0.988708 0.477 0.975 0.292 269 0.205 0.205 0.205 0.0597845 0.733665 0.196631 0.534684 1 1 1 -0.00787248 0.0130962 0.0173323
1 101 -0.232765 0.362957 0.176489 0.445 0.121 0.033 291 0.378333 0.378333 0.378333 0.0571673 0.288186 0.732566 0.149998 1 1 1 -0.0114343 0.0178298 0.00866977
1 102 0.722343 0.690054 -0.719779 0.964 0.653 0.21 333 0.43 0.43 0.43 2.44148e-05 0.937346 0.760888 0.398999 1 1 1 0.0244232 0.0233315 -0.0243365
1 103 -0.0879238 0.023957 -0.285501 0.921 0.656 0.429 74 0.188333 0.188333 0.188333 0.0473696 0.233467 0.300058 0.380718 1 1 1 -0.013145 0.00358168 -0.0426836
1 104 0.518052 0.515122 0.358806 0.928 0.756 0.579 287 0.163333 0.163333 0.163333 0.0332163 0.985168 0.756828 0.188177 1 1 1 0.00472006 0.00469337 0.00326915
1 105 0.196692 -0.761101 0.534349 0.079 0.087 0.084 5 0.286667 0.286667 0.286667 0.0325962 0.00506607 0.174596 0.0901212 1 1 1 0.00593044 -0.0229479 0.0161111
1 106 0.118442 0.516282 -0.769463 0.122 0.137 0.84 328 0.418333 0.418333 0.418333 0.0545378 0.309397 0.573351 0.435163 1 1 1 0.00288197 0.0125623 -0.0187228
1 107 0.256691 -0.516465 0.581652 0.335 0.61 0.502 49 0.296667 0.296667 0.296667 0.00233894 0.243904 0.781274 0.513871 1 1 1 0.00943456 -0.0189824 0.0213784
1 108 0.926817 0.913327 -0.406964 0.267 0.225 0.24 37 0.356667 0.356667 0.356667 0.0194781 0.797418 0.389874 0.0398267 1 1 1 0.00374197 0.0036875 -0.00164309
1 109 0.575243 -0.715751 0.11832 0.195 0.238 0.357 236 0.123333 0.123333 0.123333 0.0654561 0.7875 0.928953 0.332102 1 1 1 0.0247764 -0.0308282 0.00509619
1 110 -0.18131 0.101779 -0.914731 0.292 0.737 0.399 51 0.23 0.23 0.23 0.0350719 0.315775 0.716483 0.183844 1 1 1 -0.00582032 0.00326726 -0.0293642
1 111 -0.266823 0.468246 0.972961 0.579 0.281 0.194 226 0.291667 0.291667 0.291667 0.00208258 0.080874 0.0705283 0.672689 1 1 1 -0.00539239 0.00946304 0.0196631
1 112 0.392804 0.903073 0.537706 0.749 0.927 0.467 286 0.31 0.31 0.31 0.0738743 0.968108 0.491562 0.237129 1 1 1 0.00167325 0.00384688 0.0022905
1 113 -0.340922 0.413434 -0.209754 0.385 0.288 0.99 352 0.421667 0.421667 0.421667 0.00267098 0.731529 0.442213 0.289743 1 1 1 -0.0271981 0.032983 -0.0167338
1 114 0.22013 0.814325 -0.778069 0.825 0.758 0.927 237 0 0 0 0.0329991 0.668905 0.292856 0.219794 1 1 1 0.00728755 0.0269588 -0.0257585
1 115 0.879208 0.298685 -0.718497 0.653 0.759 0.178 124 0.401667 0.401667 0.401667 0.0353624 0.531022 0.390851 0.232215 1 1 1 0.00302462 0.00102753 -0.00247175
1 116 0.0943937 0.258339 0.101352 0.288 0.388 0.915 323 0.381667 0.381667 0.381667 0.0500381 0.101901 0.0557878 0.105869 1 1 1 0.00787054 0.0215403 0.00845072
1 117 -0.232765 -0.646474 -0.52562 0.593 0.627 0.583 10 0.1 0.1 0.1 0.0594061 0.871334 0.996918 0.715445 1 1 1 -0.00492296 -0.0136729 -0.0111168
1 118 -0.717948 0.833918 -0.919553 0.427 0.414 0.392 126 0.201667 0.201667 0.201667 0.0234236 0.13361 0.358837 0.364849 1 1 1 -0.0171097 0.0198735 -0.0219143
1 119 -0.205237 -0.891659 0.962951 0.213 0.274 0.981 280 0.08 0.08 0.08 0.0199567 0.0385449 0.915311 0.638936 1 1 1 -0.00444852 -0.0193268 0.020872
1 120 0.772271 -0.434492 0.255287 0.378 0.817 0.4 76 0.156667 0.156667 0.156667 0.0568987 0.394726 0.454939 0.764946 1 1 1 0.0244174 -0.0137376 0.00807159
1 121 0.780999 -0.355815 0.157628 0.882 0.633 0.43 258 0.035 0.035 0.035 0.0284774 0.00332652 0.311319 0.875057 1 1 1 0.032681 -0.0148891 0.00659596
1 122 0.526597 -0.846675 -0.836787 0.92 0.443 0.459 0 0.035 0.035 0.035 0.0259847 0.151738 0.424909 0.729606 1 1 1 0.0101571 -0.0163309 -0.0161402
1 123 0.142613 -0.157079 0.535264 0.498 0.812 0.363 85 0.393333 0.393333 0.393333 0.00312265 0.663411 0.989257 0.711386 1 1 1 0.0115242 -0.0126931 0.0432533
1 124 0.729545 0.223548 0.0331125 0.636 0.175 0.666 144 0.336667 0.336667 0.336667 0.0589129 0.887814 0.730064 0.571215 1 1 1 0.0344377 0.0105525 0.00156306
1 125 0.144139 -0.362713 -0.110813 0.205 0.665 0.453 295 0.21 0.21 0.21 0.00495621 0.661214 0.423292 0.295206 1 1 1 0.00828002 -0.0208359 -0.00636561
1 126 -0.961913 -0.422163 -0.964782 0.713 0.491 0.487 64 0.0383333 0.0383333 0.0383333 0.00518571 0.328135 0.668508 0.850795 1 1 1 -0.0247012 -0.0108408 -0.0247749
1 127 -0.852351 0.260781 -0.420942 0.869 0.572 0.709 332 0.0866667 0.0866667 0.0866667 0.0484146 0.517838 0.526658 0.216742 1 1 1 -0.0396433 0.0121291 -0.0195782
1 128 -0.167943 0.443892 -0.468917 0.566 0.1 0.154 351 0.301667 0.301667 0.301667 0.0221052 0.0994598 0.422132 0.0509354 1 1 1 -0.00645374 0.0170579 -0.0180196
1 129 0.863094 0.497543 -0.219031 0.866 0.226 0.803 322 0.0666667 0.0666667 0.0666667 0.0183844 0.521958 0.762902 0.114017 1 1 1 0.0207262 0.0119479 -0.00525978
1 130 -0.536302 0.725028 -0.676138 0.637 0.192 0.228 113 0.255 0.255 0.255 0.0527311 0.934111 0.14124 0.83047 1 1 1 -0.00605745 0.00818909 -0.00763688
1 131 -0.402387 0.932676 0.737419 0.11 0.97 0.402 301 0.0683333 0.0683333 0.0683333 0.0214484 0.212867 0.736106 0.00357067 1 1 1 -0.0051513 0.01194 0.00944034
1 132 -0.491989 -0.749626 -0.0920743 0.792 0.682 0.463 114 0.0916667 0.0916667 0.0916667 0.0483657 0.439741 0.475356 0.473525 1 1 1 -0.0203707 -0.0310381 -0.00381232
1 133 -0.493454 0.20188 0.0072329 0.521 0.342 0.025 162 0.27 0.27 0.27 0.0051735 0.0253914 0.82107 0.566393 1 1 1 -0.0289413 0.0118403 0.000424213
1 134 0.0127262 0.0249946 -0.280862 0.11 0.392 0.131 257 0.288333 0.288333 0.288333 0.0744261 0.0848109 0.751579 0.883633 1 1 1 0.000209526 0.000411515 -0.00462415
1 135 -0.157384 -0.758171 -0.284158 0.517 0.334 0.682 319 0.153333 0.153333 0.153333 0.00706565 0.345744 0.833399 0.472793 1 1 1 -0.00848699 -0.0408847 -0.0153233
1 136 0.748161 0.479537 -0.615284 0.521 0.528 0.121 225 0.04 0.04 0.04 0.0605365 0.314371 0.24424 0.724235 1 1 1 0.00929322 0.00595653 -0.00764269
1 137 0.206092 -0.460067 -0.195166 0.714 0.484 0.126 256 0.216667 0.216667 0.216667 0.0736619 0.487472 0.320109 0.635701 1 1 1 0.0177387 -0.0395987 -0.0167983
1 138 0.457259 -0.279519 0.973449 0.898 0.389 0.571 168 0.473333 0.473333 0.473333 0.00407727 0.746879 0.30369 0.199988 1 1 1 0.016108 -0.00984671 0.034292
1 139 -0.204871 -0.615772 -0.717582 0.114 0.744 0.021 259 0.423333 0.423333 0.423333 0.0503922 0.559496 0.896634 0.667501 1 1 1 -0.000437887 -0.00131614 -0.00153375
1 140 0.105625 0.780206 -0.754753 0.619 0.389 0.888 323 0.0916667 0.0916667 0.0916667 0.000786157 0.324778 0.135228 0.631886 1 1 1 0.000554602 0.00409662 -0.00396298
1 141 0.655446 0.113681 -0.526902 0.109 0.34 0.506 300 0.41 0.41 0.41 0.0143022 0.488998 0.292489 0.402417 1 1 1 0.0360052 0.00624479 -0.028944
1 142 0.131626 0.866756 0.90173 0.427 0.694 0.62 207 0.256667 0.256667 0.256667 0.00696555 0.231849 0.37495 0.52678 1 1 1 0.00122971 0.00809762 0.00842437
1 143 0.930418 0.368084 -0.732231 0.204 0.496 0.052 336 0.423333 0.423333 0.423333 0.0342979 0.206305 0.520218 0.763482 1 1 1 0.0156686 0.00619866 -0.012331
1 144 -0.303812 -0.386151 -0.164342 0.532 0.003 0.613 33 0.195 0.195 0.195 0.0247615 0.469771 0.914518 0.408094 1 1 1 -0.0166563 -0.0211704 -0.00900994
1 145 0.110996 0.337809 0.373821 0.721 0.51 0.029 285 0.425 0.425 0.425 0.00754173 0.821223 0.974029 0.121433 1 1 1 0.00574503 0.0174847 0.0193486
1 146 -0.0670491 -0.668691 0.381451 0.703 0.267 0.51 302 0.0366667 0.0366667 0.0366667 0.0152959 0.332865 0.311808 0.378185 1 1 1 -0.00177463 -0.0176986 0.0100961
1 147 0.285928 0.0141301 0.564928 0.516 0.334 0.102 327 0.0316667 0.0316667 0.0316667 0.0657955 0.14539 0.423719 0.241005 1 1 1 0.00122875 6.07227e-05 0.00242772
1 148 -0.801935 -0.745598 0.564684 0.597 0.857 0.912 315 0.476667 0.476667 0.476667 0.054008 0.755577 0.212989 0.353801 1 1 1 -0.0204482 -0.0190117 0.0143987
1 149 -0.608509 -0.560839 0.931333 0.687 0.114 0.488 147 0.335 0.335 0.335 0.0418299 0.769066 0.9176 0.55916 1 1 1 -0.00708125 -0.00652651 0.010838
1 150 0.320658 -0.205542 -0.647511 0.623 0.82 0.17 316 0.216667 0.216667 0.216667 0.0582269 0.759636 0.12653 0.278268 1 1 1 0.0166009 -0.0106412 -0.0335225
1 151 0.461776 0.955809 -0.870602 0.362 0.682 0.892 319 0.24 0.24 0.24 0.0238044 0.707053 0.672384 0.520005 1 1 1 0.00530108 0.0109725 -0.00999431
1 152 -0.147923 0.788385 -0.0965911 0.269 0.583 0.023 312 0.45 0.45 0.45 0.00919462 0.120182 0.259804 0.489761 1 1 1 -0.00455666 0.0242856 -0.00297541
1 153 0.878414 -0.542528 0.632374 0.031 0.721 0.066 119 0.166667 0.166667 0.166667 0.0742894 0.0135807 0.234291 0.621418 1 1 1 0.00517269 -0.00319476 0.00372384
1 154 -0.683401 -0.251198 0.817377 0.434 0.208 0.687 82 0.146667 0.146667 0.146667 0.00889187 0.0287179 0.575488 0.943236 1 1 1 -0.027857 -0.0102394 0.0333181
1 155 -0.379376 0.638783 -0.0206 0.942 0.252 0.605 345 0.383333 0.383333 0.383333 0.000854518 0.353801 0.664907 0.338755 1 1 1 -0.00275811 0.00464404 -0.000149765
1 156 0.461287 0.114475 -0.614368 0.59 0.565 0.652 176 0.308333 0.308333 0.308333 0.00660665 0.0786767 0.375683 0.267159 1 1 1 0.0208935 0.00518501 -0.0278271
1 157 0.515488 -0.755303 0.0263375 0.361 0.345 0.412 25 0.06 0.06 0.06 0.0465517 0.934935 0.36726 0.803888 1 1 1 0.0240416 -0.0352262 0.00122834
1 158 0.505478 -0.500412 0.840999 0.274 0.809 0.078 79 0.135 0.135 0.135 0.051005 0.465285 0.200201 0.809198 1 1 1 0.00677448 -0.00670658 0.0112712
1 159 -0.512436 -0.67864 -0.804682 0.04 0.132 0.121 12 0.135 0.135 0.135 0.0511759 0.0703452 0.545244 0.658589 1 1 1 -0.00990846 -0.0131222 -0.0155593
1 160 -0.60857 -0.0556963 -0.392438 0.254 0.635 0.894 348 0.13 0.13 0.13 0.000415052 0.995117 0.257057 0.0145878 1 1 1 -0.0138553 -0.00126804 -0.00893461
1 161 -0.190832 0.465438 0.725028 0.94 0.219 0.332 0 0.106667 0.106667 0.106667 0.0282455 0.596606 0.305216 0.495895 1 1 1 -0.00743111 0.0181244 0.028233
1 162 -0.965941 0.164525 0.550829 0.861 0.447 0.822 12 0.261667 0.261667 0.261667 0.00741966 0.47206 0.61269 0.812311 1 1 1 -0.0154744 0.0026357 0.00882428
1 163 -0.649831 0.0744346 -0.0796228 0.863 0.931 0.176 321 0.395 0.395 0.395 0.0176885 0.0128788 0.194372 0.374767 1 1 1 -0.00285691 0.000327244 -0.000350053
1 164 0.57091 -0.198218 0.227821 0.311 0.609 0.542 156 0.45 0.45 0.45 0.0732371 0.387921 0.582904 0.277383 1 1 1 0.0049904 -0.00173265 0.00199141
1 165 -0.171789 -0.403302 -0.597278 0.85 0.024 0.1 101 0.401667 0.401667 0.401667 0.000632344 0.193121 0.641682 0.669088 1 1 1 -0.0106205 -0.0249334 -0.0369256
1 166 -0.388043 -0.326395 0.136814 0.572 0.392 0.791 257 0.286667 0.286667 0.286667 0.0333091 0.722373 0.806116 0.826777 1 1 1 -0.00140689 -0.00118338 0.000496036
1 167 0.058565 0.781304 0.360027 0.205 0.935 0.275 56 0.0633333 0.0633333 0.0633333 0.0104373 0.449873 0.458602 0.615589 1 1 1 0.001267 0.0169028 0.00778886
1 168 -0.509812 0.0232246 -0.0324412 0.927 0.215 0.85 303 0.415 0.415 0.415 0.0574676 0.174657 0.974578 0.705985 1 1 1 -0.0363128 0.00165424 -0.00231072
1 169 -0.795953 -0.0719321 -0.20365 0.593 0.422 0.38 343 0.105 0.105 0.105 0.0329136 0.241462 0.38612 0.981872 1 1 1 -0.0273538 -0.00247203 -0.00699865
1 170 0.511093 0.769707 0.851314 0.367 0.365 0.553 45 0.195 0.195 0.195 0.016292 0.433302 0.772057 0.667409 1 1 1 0.00721962 0.0108728 0.0120255
1 171 0.0252998 0.137669 -0.217627 0.44 0.649 0.777 104 0.331667 0.331667 0.331667 0.0688864 0.524674 0.770074 0.910276 1 1 1 0.00379207 0.0206346 -0.0326192
1 172 -0.797296 -0.242347 0.610584 0.39 0.933 0.468 350 0.238333 0.238333 0.238333 0.00991241 0.26249 0.840815 0.649342 1 1 1 -0.00687306 -0.00208915 0.00526351
1 173 0.130467 -0.438459 0.70513 0.49 0.295 0.53 327 0.49 0.49 0.49 0.0436708 0.29783 0.933439 0.831446 1 1 1 0.00399067 -0.0134115 0.0215683
1 174 -0.434126 -0.992187 -0.990661 0.094 0.07 0.605 344 0.475 0.475 0.475 0.0261653 0.375072 0.205756 0.0628987 1 1 1 -0.00453677 -0.0103687 -0.0103528
1 175 -0.774529 -0.348064 0.517991 0.369 0.562 0.274 202 0.17 0.17 0.17 0.0606391 0.872005 0.816492 0.00759911 1 1 1 -0.0191169 -0.0085909 0.012785
1 176 0.324076 0.966552 -0.997009 0.574 0.46 0.972 176 0.133333 0.133333 0.133333 0.0621796 0.390515 0.138524 0.109561 1 1 1 0.00218745 0.00652402 -0.0067296
1 177 0.363872 -0.588244 -0.00918609 0.517 0.433 0.84 317 0.443333 0.443333 0.443333 0.0599994 0.481399 0.0975066 0.384167 1 1 1 0.00376299 -0.00608333 -9.4998e-05
1 178 0.173376 0.755791 -0.0116276 0.72 0.195 0.138 292 0.18 0.18 0.18 0.0366027 0.772973 0.580523 0.506058 1 1 1 0.00967423 0.0421726 -0.000648809
1 179 -0.803278 -0.355144 -0.0400708 0.143 0.841 0.519 61 0.495 0.495 0.495 0.029078 0.618915 0.415662 0.626087 1 1 1 -0.0018191 -0.000804258 -9.07443e-05
1 180 -0.967467 0.423627 -0.946471 0.773 0.402 0.633 302 0.04 0.04 0.04 0.0493521 0.630421 0.580981 0.214393 1 1 1 -0.0118463 0.00518717 -0.0115892
1 181 -0.777032 -0.794305 0.577868 0.233 0.918 0.526 144 0.416667 0.416667 0.416667 0.00675314 0.585742 0.615986 0.115665 1 1 1 -0.0045434 -0.0046444 0.00337886
1 182 -0.707022 -0.80633 0.228309 0.799 0.573 0.736 22 0.363333 0.363333 0.363333 0.0614325 0.75811 0.372295 0.387188 1 1 1 -0.0217131 -0.0247629 0.00701152
1 183 -0.960875 -0.750298 0.563768 0.268 0.637 0.191 18 0.0683333 0.0683333 0.0683333 0.0423914 0.802087 0.251473 0.916776 1 1 1 -0.00510343 -0.00398501 0.0029943
1 184 -0.93115 -0.284524 -0.266579 0.869 0.889 0.883 136 0.463333 0.463333 0.463333 0.0794751 0.451552 0.32432 0.863063 1 1 1 -0.00457424 -0.00139771 -0.00130956
1 185 -0.410688 -0.517075 0.453047 0.856 0.204 0.962 337 0.48 0.48 0.48 0.0184893 0.0592364 0.0315561 0.892117 1 1 1 -0.00733096 -0.00923003 0.0080871
1 186 -0.553209 0.314249 -0.768487 0.305 0.322 0.448 352 0.0316667 0.0316667 0.0316667 0.0479214 0.523484 0.716147 0.317057 1 1 1 -0.00389486 0.00221246 -0.00541051
1 187 -0.584704 0.412336 -0.15244 0.598 0.552 0.898 32 0.375 0.375 0.375 0.0765062 0.732047 0.627552 0.920591 1 1 1 -0.00842033 0.00593805 -0.00219529
1 188 -0.263833 -0.759026 -0.923704 0.86 0.959 0.618 93 0.411667 0.411667 0.411667 0.0462709 0.756737 0.664235 0.702597 1 1 1 -0.0052579 -0.0151266 -0.0184084
1 189 -0.0933561 -0.404462 0.665639 0.184 0.269 0.526 247 0.423333 0.423333 0.423333 0.0665328 0.636372 0.356822 0.123508 1 1 1 -0.000463552 -0.00200832 0.00330518
1 190 0.719169 0.922666 -0.436995 0.263 0.94 0.481 234 0.418333 0.418333 0.418333 0.029603 0.840999 0.27546 0.045381 1 1 1 0.00925003 0.0118674 -0.00562067
1 191 0.550401 -0.108982 0.391949 0.414 0.401 0.176 328 0.0183333 0.0183333 0.0183333 0.0244417 0.33607 0.894436 0.800806 1 1 1 0.0355915 -0.00704726 0.0253453
1 192 -0.099704 0.211646 0.178381 0.867 0.406 0.127 182 0.231667 0.231667 0.231667 0.047687 0.794794 0.773064 0.0904263 1 1 1 -0.00877662 0.0186305 0.0157023
1 193 0.18131 -0.291971 -0.672536 0.906 0.768 0.682 282 0.268333 0.268333 0.268333 0.0537126 0.900021 0.428175 0.0208441 1 1 1 0.006828 -0.0109954 -0.0253271
1 194 0.757073 0.636464 0.850337 0.12 0.977 0.971 356 0.095 0.095 0.095 0.0411267 0.0963164 0.605487 0.881436 1 1 1 0.00637751 0.00536151 0.00716316
1 195 0.231849 -0.743461 -0.160131 0.58 0.68 0.026 26 0.161667 0.161667 0.161667 0.0445643 0.0110172 0.707083 0.132145 1 1 1 0.0090579 -0.0290456 -0.006256
1 196 -0.0105899 0.651296 -0.801752 0.361 0.7 0.393 346 0.496667 0.496667 0.496667 0.0326939 0.356761 0.00970489 0.199408 1 1 1 -0.000254715 0.0156654 -0.0192842
1 197 -0.0178533 0.797479 -0.387066 0.062 0.109 0.124 60 0.1 0.1 0.1 0.0492691 0.557237 0.355815 0.487594 1 1 1 -0.000228419 0.0102031 -0.00495221
1 198 0.770074 -0.114048 -0.216834 0.678 0.363 0.519 293 0.25 0.25 0.25 0.057636 0.497635 0.791955 0.0226447 1 1 1 0.0174681 -0.00258702 -0.00491859
1 199 -0.1901 0.89227 0.897031 0.544 0.172 0.304 341 0.36 0.36 0.36 0.0602387 0.0168157 0.768761 0.0281075 1 1 1 -0.000835856 0.00392325 0.00394418
1 200 -0.005768 -0.603687 -0.64275 0.472 0.299 0.864 122 0.118333 0.118333 0.118333 0.078872 0.160985 0.83282 0.921812 1 1 1 -0.000265853 -0.0278245 -0.029625
1 201 0.440535 0.653371 -0.241249 0.812 0.612 0.71 227 0.395 0.395 0.395 0.056386 0.708701 0.975494 0.677664 1 1 1 0.0226559 0.0336016 -0.012407
1 202 -0.470016 -0.0861537 0.114231 0.087 0.777 0.116 253 0.296667 0.296667 0.296667 0.0212018 0.614093 0.646565 0.697989 1 1 1 -0.0214235 -0.00392691 0.00520667
1 203 0.197058 -0.00607318 -0.668691 0.41 0.039 0.864 250 0.233333 0.233333 0.233333 0.0633906 0.942473 0.217261 0.386883 1 1 1 0.0115633 -0.000356374 -0.0392387
1 204 -0.532029 0.0957977 0.939085 0.142 0.106 0.844 69 0.24 0.24 0.24 0.0232795 0.834468 0.848659 0.728141 1 1 1 -0.000655924 0.000118106 0.00115777
1 205 0.250282 -0.122166 -0.935789 0.203 0.349 0.759 279 0.19 0.19 0.19 0.0249104 0.893918 0.708426 0.750267 1 1 1 0.0081432 -0.00397479 -0.0304469
1 206 -0.628529 0.775201 0.658315 0.621 0.882 0.45 53 0.101667 0.101667 0.101667 0.0567522 0.900998 0.240364 0.531724 1 1 1 -0.0183573 0.0226411 0.0192273
1 207 -0.131504 0.569872 -0.0265206 0.169 0.96 0.724 152 0.128333 0.128333 0.128333 0.0344859 0.27543 0.31019 0.0381481 1 1 1 -0.00211969 0.00918564 -0.00042748
1 208 -0.473617 -0.789056 -0.710257 0.972 0.472 0.87 316 0.338333 0.338333 0.338333 0.00911161 0.395611 0.0251778 0.1377 1 1 1 -0.00735163 -0.012248 -0.0110248
1 209 -0.332255 -0.114597 -0.108737 0.101 0.304 0.984 33 0.415 0.415 0.415 0.0617035 0.192785 0.735862 0.853511 1 1 1 -0.0280973 -0.00969096 -0.00919544
1 210 0.191382 -0.662282 -0.707205 0.206 0.488 0.37 165 0.258333 0.258333 0.258333 0.060058 0.367382 0.0562456 0.0343028 1 1 1 0.00424821 -0.0147011 -0.0156982
1 211 0.861751 -0.559191 0.716483 0.631 0.528 0.059 0 0.116667 0.116667 0.116667 0.0114042 0.606098 0.565142 0.0712302 1 1 1 0.0224753 -0.0145842 0.0186866
1 212 0.847713 0.0159001 0.818171 0.682 0.735 0.638 238 0.121667 0.121667 0.121667 0.0306235 0.645711 0.60332 0.956511 1 1 1 0.00704046 0.000132055 0.00679511
1 213 0.511826 0.903195 -0.335856 0.56 0.213 0.791 329 0.286667 0.286667 0.286667 0.0311533 0.165288 0.89407 0.867641 1 1 1 0.015381 0.0271421 -0.0100929
1 214 -0.550768 -0.718314 0.957823 0.051 0.69 0.419 284 0.471667 0.471667 0.471667 0.0402478 0.0423902 0.541642 0.626392 1 1 1 -0.0139333 -0.0181719 0.0242309
1 215 0.776971 0.240211 0.515915 0.258 0.853 0.741 57 0.275 0.275 0.275 0.0797168 0.497726 0.0112308 0.126377 1 1 1 0.0173585 0.00536662 0.0115262
1 216 -0.327372 0.597034 0.995361 0.808 0.446 0.306 212 0.41 0.41 0.41 0.038844 0.374432 0.736625 0.93881 1 1 1 -0.00434397 0.00792216 0.0132077
1 217 0.163793 -0.0294504 0.869686 0.453 0.028 0.75 142 0.298333 0.298333 0.298333 0.0183697 0.910062 0.196509 0.93936 1 1 1 0.00784967 -0.00141139 0.0416792
1 218 0.167028 -0.900388 -0.34434 0.091 0.728 0.837 43 0.0166667 0.0166667 0.0166667 0.0793408 0.396954 0.34315 0.102329 1 1 1 0.0030291 -0.0163288 -0.00624471
1 219 0.776727 -0.586291 -0.610157 0.098 0.96 0.571 180 0.466667 0.466667 0.466667 0.0168804 0.554155 0.708518 0.929777 1 1 1 0.000830173 -0.000626633 -0.000652141
1 220 -0.195654 -0.146825 0.355083 0.077 0.069 0.66 222 0.476667 0.476667 0.476667 0.0505728 0.786431 0.390912 0.0290536 1 1 1 -0.016969 -0.012734 0.0307961
1 221 -0.432417 0.939757 -0.942869 0.004 0.381 0.893 193 0.0133333 0.0133333 0.0133333 0.0474941 0.0236213 0.389264 0.338389 1 1 1 -0.00908884 0.0197525 -0.0198179
1 222 0.929197 0.0968353 0.451338 0.544 0.594 0.024 121 0.44 0.44 0.44 0.0113187 0.376293 0.00387585 0.939543 1 1 1 0.0368358 0.0038388 0.0178922
1 223 -0.413923 0.219703 0.418867 0.857 0.089 0.276 160 0.333333 0.333333 0.333333 0.0428407 0.71569 0.19068 0.854518 1 1 1 -0.0287377 0.0152534 0.0290809
1 224 0.608631 -0.504196 0.493576 0.267 0.356 0.947 171 0.206667 0.206667 0.206667 0.0631562 0.054445 0.534837 0.840205 1 1 1 0.0276879 -0.0229369 0.0224538
1 225 -0.770562 0.475265 0.838496 0.092 0.121 0.411 65 0.101667 0.101667 0.101667 0.0476919 0.741111 0.445479 0.667592 1 1 1 -0.022937 0.014147 0.0249591
1 226 -0.117344 0.390912 -0.527757 0.28 0.728 0.309 23 0.0816667 0.0816667 0.0816667 0.00323984 0.20072 0.405042 0.359355 1 1 1 -0.00329049 0.0109617 -0.0147991
1 227 -0.507309 0.728935 -0.254006 0.054 0.465 0.513 102 0.195 0.195 0.195 0.00951201 0.314982 0.988281 0.787652 1 1 1 -0.00367471 0.00528007 -0.0018399
1 228 -0.986328 0.0488602 0.0694296 0.808 0.203 0.112 283 0.055 0.055 0.055 0.0175396 0.406079 0.152532 0.524094 1 1 1 -0.00645055 0.000319544 0.000454067
1 229 -0.781732 0.0541093 -0.112155 0.719 0.078 0.656 7 0.08 0.08 0.08 0.0592987 0.0397961 0.40611 0.957762 1 1 1 -0.00828689 0.000573596 -0.00118892
1 230 0.73693 0.912107 -0.0916471 0.292 0.018 0.179 317 0.281667 0.281667 0.281667 0.0608661 0.589618 0.73278 0.546678 1 1 1 0.00332569 0.00411624 -0.000413593
1 231 0.346599 -0.175268 0.57683 0.4 0.526 0.632 30 0.256667 0.256667 0.256667 0.00171636 0.923795 0.888089 0.0856044 1 1 1 0.00214869 -0.00108655 0.00357598
1 232 -0.489792 0.848811 0.803888 0.253 0.258 0.721 0 0.361667 0.361667 0.361667 0.0121097 0.649617 0.110202 0.691244 1 1 1 -0.00584069 0.0101219 0.00958624
1 233 -0.834529 -0.0341502 0.942137 0.235 0.765 0.212 218 0.298333 0.298333 0.298333 0.072617 0.987121 0.472182 0.678457 1 1 1 -0.0237856 -0.000973344 0.0268527
1 234 0.764031 -0.597034 0.0121158 0.924 0.105 0.123 42 0.105 0.105 0.105 0.0413221 0.565813 0.251717 0.933622 1 1 1 0.0105603 -0.00825206 0.000167462
1 235 -0.439558 -0.797113 -0.820612 0.888 0.625 0.379 311 0.181667 0.181667 0.181667 0.00197028 0.522019 0.0851161 0.898434 1 1 1 -0.0118603 -0.0215079 -0.022142
1 236 0.151524 0.0444654 -0.519333 0.506 0.85 0.344 143 0.42 0.42 0.42 0.0498135 0.545824 0.407025 0.535508 1 1 1 0.00486734 0.00142834 -0.0166823
1 237 0.264809 -0.68749 -0.199377 0.577 0.447 0.288 107 0.223333 0.223333 0.223333 0.0518693 0.113437 0.755455 0.196265 1 1 1 0.00752375 -0.0195329 -0.0056647
1 238 0.798456 0.418805 -0.901547 0.872 0.307 0.483 14 0.075 0.075 0.075 0.0353038 0.496353 0.666585 0.954039 1 1 1 0.019407 0.0101793 -0.0219127
1 239 0.109409 -0.628224 0.884335 0.934 0.635 0.962 130 0.466667 0.466667 0.466667 0.0717209 0.0204169 0.88345 0.644398 1 1 1 0.000546522 -0.00313812 0.00441745
1 240 0.553209 0.597339 -0.0541093 0.59 0.289 0.405 51 0.363333 0.363333 0.363333 0.00104984 0.931608 0.842311 0.81988 1 1 1 0.00546042 0.005896 -0.000534083
1 241 -0.727348 0.00869775 -0.674795 0.105 0.066 0.323 129 0.0516667 0.0516667 0.0516667 0.0168096 0.092349 0.593371 0.711386 1 1 1 -0.0156782 0.000187483 -0.0145454
1 242 -0.762993 -0.672842 -0.455184 0.255 0.625 0.301 234 0.208333 0.208333 0.208333 0.061308 0.525529 0.35255 0.175085 1 1 1 -0.00114274 -0.00100772 -0.000681729
1 243 0.530931 -0.34788 0.0846279 0.074 0.339 0.283 102 0.226667 0.226667 0.226667 0.0614643 0.667776 0.101871 0.916654 1 1 1 0.0134222 -0.00879462 0.00213944
1 244 -0.106418 0.28135 -0.891659 0.883 0.336 0.559 74 0.323333 0.323333 0.323333 0.0248714 0.00180059 0.629871 0.880123 1 1 1 -0.00425514 0.0112498 -0.0356532
1 245 0.50792 0.781487 -0.559862 0.53 0.016 0.381 294 0.0416667 0.0416667 0.0416667 0.0144951 0.508011 0.835078 0.203955 1 1 1 0.0136403 0.0209871 -0.0150353
1 246 0.0393384 0.30839 0.791131 0.243 0.348 0.081 326 0.0933333 0.0933333 0.0933333 0.0543791 0.0571001 0.236396 0.21189 1 1 1 0.000887288 0.00695582 0.0178442
1 247 0.925169 0.177221 0.235878 0.427 0.272 0.104 28 0.301667 0.301667 0.301667 0.0622895 0.37434 0.841548 0.602191 1 1 1 0.0363384 0.00696081 0.0092647
1 248 0.913388 -0.317118 0.939146 0.415 0.968 0.39 140 0.00333333 0.00333333 0.00333333 0.0509195 0.655629 0.991028 0.302164 1 1 1 0.0244689 -0.00849531 0.0251589
1 249 -0.148228 -0.829646 -0.867733 0.15 0.44 0.991 215 0.338333 0.338333 0.338333 0.0137089 0.992096 0.0037843 0.421552 1 1 1 -0.000195811 -0.00109597 -0.00114628
1 250 0.727348 0.355022 -0.660207 0.426 0.906 0.718 193 0.316667 0.316667 0.316667 0.0519156 0.44142 0.609149 0.331523 1 1 1 0.0222751 0.0108726 -0.0202189
1 251 0.95471 -0.10715 -0.143834 0.003 0.652 0.953 36 0.211667 0.211667 0.211667 0.0513077 0.482559 0.770348 0.495468 1 1 1 0.0400499 -0.00449494 -0.0060338
1 252 -0.0843226 0.200903 0.47203 0.803 0.143 0.874 146 0.213333 0.213333 0.213333 0.00469253 0.313517 0.257118 0.429487 1 1 1 -0.00259293 0.00617779 0.0145149
1 253 0.748283 -0.47264 0.450911 0.915 0.162 0.607 166 0.156667 0.156667 0.156667 0.0345323 0.511032 0.743156 0.438948 1 1 1 0.00297299 -0.00187784 0.00179151
1 254 0.385479 -0.727714 0.755913 0.213 0.716 0.572 44 0.416667 0.416667 0.416667 0.0389807 0.523698 0.651357 0.152959 1 1 1 0.00357293 -0.00674503 0.00700641
1 255 -0.155309 0.557421 0.526109 0.928 0.678 0.212 189 0.135 0.135 0.135 0.0235017 0.0160527 0.581713 0.18717 1 1 1 -0.00152133 0.00546023 0.00515351
1 256 0.766411 0.0467849 -0.196875 0.783 0.967 0.22 268 0.108333 0.108333 0.108333 0.0185626 0.111209 0.513291 0.356914 1 1 1 0.0317097 0.00193569 -0.00814556
1 257 0.20365 -0.98291 0.507859 0.362 0.221 0.616 3 0.21 0.21 0.21 0.0655953 0.084933 0.452132 0.821162 1 1 1 0.00268858 -0.0129764 0.00670474
1 258 -0.339213 -0.322184 -0.333293 0.435 0.179 0.627 39 0.0483333 0.0483333 0.0483333 0.0756639 0.210303 0.953032 0.348888 1 1 1 -0.00669049 -0.00635461 -0.00657371
1 259 0.382672 0.74163 0.888668 0.915 0.998 0.499 135 0.321667 0.321667 0.321667 0.0224787 0.938658 0.783349 0.509507 1 1 1 0.00205332 0.0039794 0.00476837
1 260 0.893674 0.244545 0.0911587 0.747 0.83 0.258 273 0.455 0.455 0.455 0.0710764 0.876949 0.314371 0.567003 1 1 1 0.0034027 0.000931114 0.000347091
1 261 0.786798 -0.383404 -0.522629 0.451 0.643 0.327 245 0.278333 0.278333 0.278333 0.0014478 0.719291 0.516465 0.921537 1 1 1 0.0152286 -0.00742086 -0.0101156
1 262 0.762688 -0.998169 -0.237709 0.51 0.606 0.867 281 0.32 0.32 0.32 0.00895291 0.708518 0.808496 0.755547 1 1 1 0.0123389 -0.0161485 -0.00384569
1 263 0.91876 -0.171239 0.649464 0.1 0.707 0.821 179 0.468333 0.468333 0.468333 0.00263192 0.454207 0.472121 0.31962 1 1 1 0.0168884 -0.00314767 0.0119383
1 264 -0.711844 0.630543 -0.44261 0.134 0.806 0.055 242 0.471667 0.471667 0.471667 0.0570525 0.797937 0.504318 0.8652 1 1 1 -0.0137944 0.0122189 -0.00857706
1 265 0.629017 0.115452 0.596423 0.422 0.363 0.982 269 0.14 0.14 0.14 0.0326377 0.830805 0.0415052 0.345775 1 1 1 0.0156175 0.00286648 0.0148082
1 266 -0.536851 -0.512925 -0.204932 0.204 0.828 0.901 90 0.0616667 0.0616667 0.0616667 0.0316709 0.596362 0.568255 0.797327 1 1 1 -0.0238489 -0.022786 -0.00910384
1 267 -0.634449 0.0147405 0.576525 0.434 0.887 0.651 217 0.276667 0.276667 0.276667 0.0551946 0.878933 0.251839 0.902158 1 1 1 -0.0176418 0.00040988 0.0160311
1 268 0.50322 -0.146275 -0.514634 0.81 0.646 0.064 182 0.495 0.495 0.495 0.0509415 0.182897 0.670492 0.769982 1 1 1 0.0318029 -0.00924442 -0.0325242
1 269 -0.575854 0.115635 0.16422 0.474 0.837 0.98 131 0.0316667 0.0316667 0.0316667 0.0408924 0.948851 0.493637 0.113041 1 1 1 -0.0390179 0.00783502 0.011127
1 270 -0.903378 0.188574 -0.420087 0.175 0.823 0.801 171 0.106667 0.106667 0.106667 0.0309067 0.379162 0.828333 0.631794 1 1 1 -0.0212447 0.00443467 -0.00987916
1 271 -0.801874 0.307779 0.500473 0.527 0.065 0.62 104 0.171667 0.171667 0.171667 0.0507169 0.116947 0.949522 0.771935 1 1 1 -0.00251018 0.000963469 0.00156668
1 272 0.654469 -0.6245 0.221412 0.989 0.622 0.671 54 0.195 0.195 0.195 0.00598407 0.226234 0.263924 0.0147099 1 1 1 0.00386922 -0.00369204 0.00130898
1 273 0.428632 0.0317087 -0.457442 0.856 0.433 0.186 174 0.296667 0.296667 0.296667 0.0319834 0.973296 0.155675 0.545946 1 1 1 0.00893392 0.0006609 -0.00953439
1 274 0.560228 0.97412 -0.00570697 0.965 0.086 0.797 100 0.245 0.245 0.245 0.028497 0.688101 0.739158 0.921873 1 1 1 0.00875947 0.0152309 -8.92314e-05
1 275 -0.545824 0.528672 -0.68572 0.569 0.753 0.288 321 0.0366667 0.0366667 0.0366667 0.0304477 0.270943 0.286905 0.158544 1 1 1 -0.0237999 0.0230521 -0.0299
1 276 -0.579882 -0.530198 -0.825861 0.24 0.917 0.723 121 0.0866667 0.0866667 0.0866667 0.0116459 0.180486 0.916776 0.316568 1 1 1 -0.0193114 -0.0176568 -0.0275031
1 277 0.461226 -0.909299 -0.844172 0.705 0.271 0.391 342 0.123333 0.123333 0.123333 0.0787597 0.770348 0.803522 0.419813 1 1 1 0.00829917 -0.0163617 -0.0151898
1 278 0.313272 0.523789 0.97821 0.935 0.793 0.051 116 0.213333 0.213333 0.213333 0.0560369 0.778039 0.214637 0.641102 1 1 1 0.00876194 0.0146499 0.0273596
1 279 0.733757 -0.689261 0.973693 0.641 0.144 0.911 243 0.475 0.475 0.475 0.0791113 0.41847 0.163518 0.953825 1 1 1 0.0228036 -0.0214208 0.0302603
1 280 0.0410475 -0.776971 0.814875 0.018 0.701 0.229 240 0.183333 0.183333 0.183333 0.0318149 0.843287 0.98822 0.0696432 1 1 1 0.000783027 -0.0148216 0.0155447
1 281 -0.0966521 -0.667714 0.490829 0.811 0.383 0.547 148 0.0366667 0.0366667 0.0366667 0.0467959 0.387555 0.509354 0.403455 1 1 1 -0.000864525 -0.00597251 0.00439033
1 282 0.377728 0.330363 -0.465987 0.868 0.568 0.186 36 0.368333 0.368333 0.368333 0.00691916 0.480331 0.322916 0.818384 1 1 1 0.022852 0.0199865 -0.0281916
1 283 -0.800653 0.0998261 0.496628 0.175 0.644 0.138 263 0.21 0.21 0.21 0.0515958 0.0858181 0.706809 0.403088 1 1 1 -0.0306963 0.00382724 0.0190403
1 284 -0.679739 0.534227 0.677114 0.133 0.357 0.124 187 0.176667 0.176667 0.176667 0.00630879 0.765038 0.870571 0.117924 1 1 1 -0.0268911 0.0211345 0.0267873
1 285 0.698782 -0.391583 0.0968353 0.246 0.322 0.534 136 0.18 0.18 0.18 0.0552507 0.669118 0.978301 0.321909 1 1 1 0.035639 -0.0199713 0.00493875
1 286 0.338176 0.698965 -0.273293 0.366 0.555 0.451 331 0.06 0.06 0.06 0.0479214 0.266762 0.639943 0.628376 1 1 1 0.018053 0.0373133 -0.0145894
1 287 0.576159 -0.845882 -0.0363476 0.49 0.646 0.848 357 0.411667 0.411667 0.411667 0.0460537 0.450301 0.746483 0.322489 1 1 1 0.0134137 -0.0196932 -0.000846216
1 288 -0.376385 0.114658 -0.642933 0.279 0.949 0.272 73 0.15 0.15 0.15 0.0381457 0.0834986 0.0856655 0.26487 1 1 1 -0.0176614 0.00538019 -0.0301689
1 289 0.353862 -0.416364 -0.41435 0.044 0.55 0.161 65 0.03 0.03 0.03 0.0253304 0.552843 0.32429 0.272774 1 1 1 0.0158527 -0.0186528 -0.0185625
1 290 -0.658498 0.747246 0.683767 0.683 0.81 0.557 10 0.323333 0.323333 0.323333 0.0527824 0.581347 0.847285 0.734062 1 1 1 -0.0229685 0.0260641 0.0238499
1 291 0.151769 -0.455489 0.517869 0.492 0.222 0.313 76 0.48 0.48 0.48 0.0759056 0.802179 0.868892 0.122135 1 1 1 0.00959869 -0.0288076 0.0327529
1 292 0.879391 -0.511704 0.513596 0.738 0.061 0.465 283 0.133333 0.133333 0.133333 0.0291025 0.391644 0.704398 0.67513 1 1 1 0.018412 -0.0107136 0.0107533
1 293 -0.0624714 -0.264931 -0.368328 0.819 0.516 0.467 8 0.41 0.41 0.41 0.0689401 0.830226 0.691946 0.127262 1 1 1 -0.00324227 -0.01375 -0.0191163
1 294 0.0972625 0.405438 0.595019 0.66 0.837 0.912 144 0.303333 0.303333 0.303333 0.000354015 0.0957366 0.355327 0.287179 1 1 1 0.00563457 0.0234877 0.0344704
1 295 0.776299 -0.845698 0.36491 0.507 0.429 0.502 4 0.045 0.045 0.045 0.0732371 0.297739 0.707663 0.417829 1 1 1 0.0143623 -0.0156462 0.00675118
1 296 0.578112 0.991699 0.867794 0.676 0.654 0.192 88 0.275 0.275 0.275 0.00605243 0.544725 0.118809 0.825648 1 1 1 0.000623656 0.00106983 0.000936159
1 297 0.0810267 -0.647816 -0.0282906 0.004 0.117 0.58 341 0.25 0.25 0.25 0.0699875 0.650197 0.630055 0.447462 1 1 1 0.00392914 -0.0314139 -0.00137187
1 298 0.877377 0.41612 0.713004 0.025 0.124 0.316 342 0.263333 0.263333 0.263333 0.0397742 0.0448317 0.23307 0.493484 1 1 1 0.0180146 0.00854391 0.0146396
1 299 0.862301 0.679312 0.772698 0.68 0.537 0.542 302 0.345 0.345 0.345 0.0361266 0.534806 0.62682 0.511582 1 1 1 0.0037014 0.00291593 0.00331679
1 300 -0.226844 -0.226417 0.203284 0.149 0.974 0.1 129 0.288333 0.288333 0.288333 0.0205866 0.81341 0.69985 0.16126 1 1 1 -0.0192948 -0.0192584 0.0172908
1 301 0.978332 0.537095 -0.595019 0.223 0.463 0.397 303 0.325 0.325 0.325 0.0508267 0.548784 0.623493 0.350444 1 1 1 0.0300365 0.0164897 -0.0182681
1 302 -0.483749 0.334635 -0.64745 0.626 0.911 0.266 124 0.413333 0.413333 0.413333 0.00514176 0.298715 0.225867 0.148259 1 1 1 -0.000127591 8.8262e-05 -0.000170769
1 303 0.384869 -0.372234 0.0719321 0.275 0.732 0.025 10 0.185 0.185 0.185 0.0123563 0.981292 0.453017 0.522507 1 1 1 0.000183644 -0.000177615 3.43231e-05
1 304 -0.919858 -0.204505 -0.633656 0.031 0.182 0.766 277 0.386667 0.386667 0.386667 0.0644014 0.288614 0.370434 0.112125 1 1 1 -0.0116452 -0.00258898 -0.00802194
1 305 0.385601 0.204321 -0.206641 0.684 0.652 0.437 150 0.246667 0.246667 0.246667 0.0763866 0.285043 0.689596 0.351543 1 1 1 0.0108551 0.00575188 -0.00581717
1 306 -0.589038 0.528489 -0.108737 0.43 0.815 0.185 73 0.308333 0.308333 0.308333 0.0422694 0.326975 0.142125 0.0492264 1 1 1 -0.000841211 0.00075474 -0.000155289
1 307 0.88171 0.320536 -0.344401 0.444 0.484 0.936 247 0.486667 0.486667 0.486667 0.0520475 0.788934 0.412458 0.449599 1 1 1 0.0064823 0.00235657 -0.00253203
1 308 0.67748 -0.168615 0.265664 0.848 0.958 0.228 349 0.121667 0.121667 0.121667 0.00300058 0.944639 0.626331 0.628437 1 1 1 0.0386897 -0.00962928 0.0151716
1 309 -0.378155 0.0809046 0.0611897 0.715 0.691 0.916 83 0.358333 0.358333 0.358333 0.0084109 0.265084 0.445143 0.716605 1 1 1 -0.0381857 0.00816967 0.00617888
1 310 -0.479049 0.177953 0.769036 0.759 0.97 0.193 318 0.388333 0.388333 0.388333 0.0499234 0.712272 0.390667 0.692526 1 1 1 -0.0173419 0.00644205 0.0278397
1 311 -0.547288 -0.109165 -0.0207221 0.458 0.411 0.722 302 0.396667 0.396667 0.396667 0.061684 0.0229499 0.929624 0.947111 1 1 1 -0.0308566 -0.00615481 -0.00116833
1 312 0.305704 -0.532395 -0.127598 0.482 0.359 0.688 97 0.276667 0.276667 0.276667 0.0501431 0.266671 0.0350658 0.888943 1 1 1 0.022669 -0.0394789 -0.0094618
1 313 -0.431623 0.706412 0.195288 0.763 0.107 0.747 262 0.11 0.11 0.11 0.0224152 0.835047 0.550279 0.355968 1 1 1 -0.0040559 0.00663805 0.00183509
1 314 0.368267 -0.724357 -0.511826 0.283 0.962 0.803 234 0.386667 0.386667 0.386667 0.0781249 0.36845 0.949644 0.157781 1 1 1 0.0105574 -0.0207657 -0.0146729
1 315 0.760674 0.284524 0.561083 0.943 0.88 0.991 103 0.0133333 0.0133333 0.0133333 0.0120609 0.838862 0.442976 0.0942717 1 1 1 0.0147448 0.00551518 0.010876
1 316 -0.731986 -0.896908 0.220252 0.931 0.959 0.738 304 0.468333 0.468333 0.468333 0.0255916 0.849208 0.745079 0.339793 1 1 1 -0.0110755 -0.0135709 0.00333258
1 317 0.669057 -0.567125 -0.755119 0.63 0.342 0.233 46 0.41 0.41 0.41 0.0397424 0.224647 0.935759 0.790307 1 1 1 0.00982051 -0.00832434 -0.0110837
1 318 0.0372021 0.62682 0.613819 0.331 0.821 0.758 222 0.308333 0.308333 0.308333 0.0259725 0.120396 0.548051 0.589557 1 1 1 0.00177328 0.0298781 0.0292584
1 319 -0.969481 0.259926 -0.0184637 0.873 0.939 0.28 265 0.326667 0.326667 0.326667 0.0326255 0.637837 0.895199 0.940367 1 1 1 -0.000303959 8.14941e-05 -5.78887e-06
1 320 0.430341 -0.0506302 0.405438 0.084 0.784 0.2 250 0.045 0.045 0.045 0.0786425 0.870998 0.035432 0.719565 1 1 1 0.0143676 -0.00169037 0.0135362
1 321 0.930113 0.424909 -0.678091 0.002 0.819 0.142 196 0.278333 0.278333 0.278333 0.027308 0.422407 0.719474 0.219977 1 1 1 0.0236588 0.0108082 -0.0172482
1 322 0.174841 -0.150914 -0.226783 0.582 0.565 0.426 241 0.116667 0.116667 0.116667 0.061496 0.801416 0.34199 0.18012 1 1 1 0.0076774 -0.00662677 -0.00995824
1 323 0.0500809 -0.612232 -0.116306 0.649 0.619 0.82 252 0.386667 0.386667 0.386667 0.0447279 0.731986 0.0527665 0.106265 1 1 1 0.00206072 -0.0251921 -0.00478575
1 324 0.22074 0.0302439 0.586657 0.412 0.073 0.292 256 0.193333 0.193333 0.193333 0.0799243 0.853786 0.438154 0.22663 1 1 1 0.0105599 0.00144682 0.0280648
1 325 -0.0795007 0.659474 -0.399335 0.92 0.178 0.402 335 0.301667 0.301667 0.301667 0.0374963 0.763512 0.21897 0.22953 1 1 1 -0.0042272 0.0350655 -0.0212334
1 326 -0.00930816 -0.627369 -0.343547 0.838 0.656 0.408 228 0.335 0.335 0.335 0.0260286 0.524033 0.865688 0.0608234 1 1 1 -0.000177241 -0.011946 -0.00654164
1 327 -0.830805 0.0514237 0.973205 0.719 0.17 0.235 193 0.0883333 0.0883333 0.0883333 0.0662838 0.550401 0.312662 0.22425 1 1 1 -0.0189436 0.00117254 0.0221906
1 328 0.629994 0.182165 -0.0149846 0.509 0.281 0.462 210 0.211667 0.211667 0.211667 0.0439857 0.609912 0.46379 0.485977 1 1 1 0.0213211 0.00616509 -0.000507131
1 329 0.7716 -0.0738853 0.317911 0.311 0.739 0.406 24 0.338333 0.338333 0.338333 0.0206964 0.511948 0.965514 0.157567 1 1 1 0.0214184 -0.00205094 0.00882471
1 330 0.25663 0.440168 0.0159001 0.481 0.008 0.927 31 0.151667 0.151667 0.151667 0.0456459 0.281594 0.539476 0.00769066 1 1 1 0.00402011 0.00689525 0.000249076
1 331 -0.699332 -0.553331 -0.982055 0.186 0.287 0.381 160 0.325 0.325 0.325 0.0403333 0.917722 0.150731 0.496475 1 1 1 -0.00105265 -0.000832889 -0.00147822
1 332 -0.788751 0.0540483 0.884274 0.621 0.778 0.548 304 0.243333 0.243333 0.243333 0.0651778 0.786157 0.462111 0.470351 1 1 1 -0.00919189 0.000629864 0.0103051
1 333 0.17716 0.827021 0.772942 0.689 0.806 0.401 214 0.045 0.045 0.045 0.0430238 0.218207 0.126621 0.664602 1 1 1 0.000718327 0.00335331 0.00313403
1 334 -0.692801 -0.893185 -0.333476 0.321 0.516 0.439 201 0.0466667 0.0466667 0.0466667 0.0520939 0.535508 0.515732 0.367962 1 1 1 -0.00393404 -0.00507192 -0.00189363
1 335 0.919492 -0.418195 0.84875 0.276 0.346 0.507 176 0.443333 0.443333 0.443333 1.70904e-05 0.435926 0.869778 0.15421 1 1 1 0.00139354 -0.000633797 0.00128633
1 336 -0.919675 0.107395 0.630665 0.045 0.219 0.552 320 0.265 0.265 0.265 0.0492886 0.908963 0.648366 0.0332652 1 1 1 -0.0137632 0.00160719 0.00943809
1 337 0.393597 0.776605 -0.672414 0.452 0.667 0.404 346 0.458333 0.458333 0.458333 0.0616718 0.133396 0.243202 0.528825 1 1 1 0.000930972 0.0018369 -0.00159046
1 338 -0.960692 0.240333 0.485824 0.748 0.292 0.561 107 0.498333 0.498333 0.498333 0.0357726 0.945402 0.143712 0.113163 1 1 1 -0.0119202 0.00298204 0.00602807
1 339 0.0632648 -0.722404 0.35844 0.563 0.243 0.324 210 0.403333 0.403333 0.403333 0.0624555 0.501267 0.801996 0.0985748 1 1 1 0.000860006 -0.00982017 0.00487254
1 340 0.915464 -0.383953 -0.36729 0.037 0.404 0.169 333 0.371667 0.371667 0.371667 0.0434828 0.33845 0.827174 0.209449 1 1 1 0.0331897 -0.0139201 -0.0133159
1 341 -0.760247 0.00198376 -0.593738 0.889 0.522 0.054 180 0.46 0.46 0.46 0.0504263 0.461196 0.686972 0.201972 1 1 1 -0.00120551 3.14561e-06 -0.000941478
1 342 0.912595 -0.479232 -0.586413 0.275 0.36 0.068 172 0.33 0.33 0.33 0.0132475 0.89816 0.835047 0.425977 1 1 1 0.03337 -0.0175236 -0.0214428
1 343 0.332133 0.167455 0.502731 0.744 0.555 0.169 157 0.116667 0.116667 0.116667 0.0240168 0.986847 0.623402 0.504227 1 1 1 0.00166026 0.000837073 0.00251305
1 344 0.957335 0.666555 -0.638173 0.133 0.884 0.328 29 0.496667 0.496667 0.496667 0.00701437 0.0364696 0.844722 0.938994 1 1 1 0.0169814 0.0118235 -0.01132
1 345 0.0969573 -0.45732 -0.504318 0.104 0.323 0.687 139 0.383333 0.383333 0.383333 0.02785 0.729301 0.745018 0.156285 1 1 1 0.00236629 -0.0111611 -0.0123081
1 346 -0.0511795 -0.559069 0.452376 0.765 0.263 0.2 45 0.198333 0.198333 0.198333 0.0117948 0.99176 0.610553 0.726035 1 1 1 -0.00058323 -0.00637102 0.00515517
1 347 0.888607 0.697073 -0.700369 0.403 0.072 0.609 234 0.225 0.225 0.225 0.0495254 0.122684 0.935148 0.666921 1 1 1 0.00289026 0.00226728 -0.002278
1 348 -0.990966 0.157628 0.351604 0.525 0.661 0.044 80 0.025 0.025 0.025 0.0652217 0.555528 0.300912 0.371685 1 1 1 -0.0236168 0.00375661 0.00837945
1 349 -0.0909757 -0.74926 -0.854793 0.625 0.934 0.567 216 0.173333 0.173333 0.173333 0.0606073 0.0607318 0.737846 0.55327 1 1 1 -0.00290273 -0.0239064 -0.0272736
1 350 0.732597 -0.694082 0.667165 0.972 0.227 0.589 13 0.378333 0.378333 0.378333 0.0134672 0.130772 0.110294 0.541704 1 1 1 0.00637776 -0.00604247 0.00580813
1 351 0.457869 0.124729 -0.170263 0.708 0.803 0.604 233 0.368333 0.368333 0.368333 0.0678487 0.604297 0.76928 0.87701 1 1 1 0.0355787 0.00969208 -0.0132303
1 352 0.436506 -0.199133 0.198157 0.292 0.182 0.333 55 0.346667 0.346667 0.346667 0.00928983 0.154576 0.552263 0.407727 1 1 1 0.0229474 -0.0104686 0.0104172
1 353 -0.817621 -0.209265 0.966735 0.796 0.507 0.887 2 0.393333 0.393333 0.393333 0.034442 0.627491 0.0763878 0.266549 1 1 1 -0.018361 -0.00469938 0.0217095
1 354 -0.589221 -0.766594 0.185217 0.766 0.692 0.332 333 0.37 0.37 0.37 0.00119633 0.389264 0.347575 0.133641 1 1 1 -0.00424248 -0.00551959 0.00133359
1 355 -0.672536 0.521348 0.236061 0.946 0.436 0.346 249 0.366667 0.366667 0.366667 0.0063918 0.460768 0.174139 0.598926 1 1 1 -0.0190614 0.0147764 0.00669058
1 356 0.167882 0.120212 -0.439741 0.331 0.88 0.371 162 0.0716667 0.0716667 0.0716667 0.0443324 0.448134 0.537309 0.63097 1 1 1 0.0113144 0.0081017 -0.0296363
1 357 -0.0141911 0.63976 0.634327 0.616 0.339 0.766 106 0.28 0.28 0.28 0.0653413 0.0662252 0.665151 0.789056 1 1 1 -0.000656952 0.0296166 0.0293651
1 358 -0.307047 0.1536 0.196692 0.14 0.544 0.452 116 0.24 0.24 0.24 0.0494327 0.297342 0.98825 0.276864 1 1 1 -0.0252171 0.0126148 0.0161539
1 359 -0.652455 0.770074 -0.275735 0.062 0.412 0.884 330 0.426667 0.426667 0.426667 0.0770263 0.714377 0.536454 0.739158 1 1 1 -0.0143935 0.0169883 -0.00608287
1 360 0.693838 0.451949 0.159154 0.194 0.633 0.495 208 0.381667 0.381667 0.381667 0.028204 0.494766 0.455458 0.29078 1 1 1 0.025066 0.0163273 0.00574968
1 361 -0.0493484 0.0872524 0.885067 0.67 0.94 0.252 359 0.461667 0.461667 0.461667 0.0633052 0.13892 0.556932 0.0564592 1 1 1 -0.00107972 0.00190905 0.0193649
1 362 0.85107 -0.190832 0.953917 0.438 0.424 0.366 211 0.0533333 0.0533333 0.0533333 0.0418104 0.708274 0.436842 0.106845 1 1 1 0.0286117 -0.00641549 0.0320692
1 363 -0.0693075 0.566881 0.562304 0.817 0.849 0.033 93 0.433333 0.433333 0.433333 0.0458828 0.361827 0.795556 0.282876 1 1 1 -0.00170058 0.0139094 0.0137971
1 364 0.0676595 0.945128 0.778436 0.553 0.538 0.736 298 0.456667 0.456667 0.456667 0.00363536 0.731254 0.830592 0.489486 1 1 1 0.00172668 0.0241198 0.0198658
1 365 0.270852 -0.764702 -0.481918 0.43 0.344 0.09 186 0.405 0.405 0.405 0.0413294 0.418317 0.26606 0.717826 1 1 1 0.00521675 -0.0147286 -0.00928199
1 366 -0.280496 0.755303 -0.228248 0.356 0.652 0.952 338 0.218333 0.218333 0.218333 0.0783422 0.901334 0.510605 0.436628 1 1 1 -0.00320239 0.00862321 -0.00260588
1 367 0.051973 0.419904 0.0808436 0.624 0.621 0.697 194 0.0483333 0.0483333 0.0483333 0.0595819 0.709616 0.206854 0.0813623 1 1 1 0.00250294 0.0202219 0.0038933
1 368 -0.0950041 0.561144 -0.73571 0.664 0.907 0.823 128 0.43 0.43 0.43 0.0661348 0.658803 0.990539 0.230506 1 1 1 -0.00199855 0.0118045 -0.0154767
1 369 -0.297342 -0.00143439 -0.604663 0.256 0.957 0.951 19 0.0283333 0.0283333 0.0283333 0.00200446 0.280221 0.645924 0.884671 1 1 1 -0.0112194 -5.41227e-05 -0.0228154
1 370 0.695364 0.359661 -0.972228 0.013 0.228 0.02 152 0.37 0.37 0.37 0.0346471 0.0777306 0.982482 0.450758 1 1 1 0.00722692 0.00373795 -0.0101044
1 371 0.249001 -0.349956 0.672903 0.254 0.51 0.013 144 0 0 0 0.0403601 0.593707 0.810266 0.0706503 1 1 1 0.00192885 -0.00271089 0.00521256
1 372 -0.615833 -0.926206 0.525498 0.67 0.733 0.642 48 0.0466667 0.0466667 0.0466667 0.0501456 0.687368 0.494156 0.484725 1 1 1 -0.00662215 -0.00995964 0.00565077
1 373 0.564928 -0.896054 0.441084 0.324 0.709 0.899 241 0.368333 0.368333 0.368333 0.0342784 0.983947 0.737236 0.88992 1 1 1 0.00850541 -0.0134908 0.00664085
1 374 -0.262001 0.802423 0.161962 0.579 0.441 0.306 358 0.478333 0.478333 0.478333 0.0557195 0.90524 0.77456 0.182531 1 1 1 -0.000764941 0.00234276 0.000472865
1 375 0.621937 0.390606 -0.20603 0.362 0.054 0.812 120 0.35 0.35 0.35 0.0626093 0.515458 0.259774 0.703513 1 1 1 0.0110155 0.00691824 -0.00364912
1 376 -0.754143 -0.930296 0.533189 0.068 0.758 0.243 349 0.283333 0.283333 0.283333 0.0360485 0.0444655 0.536546 0.930021 1 1 1 -0.0172688 -0.0213024 0.0122092
1 377 0.739067 0.0910977 -0.357891 0.697 0.975 0.231 108 0.181667 0.181667 0.181667 0.0128886 0.121311 0.49321 0.0878628 1 1 1 0.0176373 0.00217398 -0.00854078
1 378 0.369488 -0.923826 -0.323405 0.644 0.721 0.704 123 0.243333 0.243333 0.243333 0.0467055 0.267464 0.083285 0.680593 1 1 1 0.0133732 -0.0334368 -0.0117053
1 379 0.833247 -0.412702 -0.0377514 0.651 0.7 0.55 242 0.17 0.17 0.17 0.00330088 0.224708 0.170843 0.87521 1 1 1 0.0337171 -0.0166999 -0.0015276
1 380 -0.206763 -0.0522782 0.321024 0.778 0.176 0.906 197 0.0633333 0.0633333 0.0633333 0.000368664 0.154759 0.864437 0.521439 1 1 1 -0.00730506 -0.00184702 0.011342
1 381 -0.331156 -0.68804 -0.952269 0.096 0.578 0.634 246 0.183333 0.183333 0.183333 0.0129398 0.216681 0.788141 0.226356 1 1 1 -0.00358533 -0.00744919 -0.0103099
1 382 -0.325785 0.986267 -0.863277 0.617 0.486 0.808 32 0.095 0.095 0.095 0.0232356 0.875301 0.217566 0.271126 1 1 1 -0.00390913 0.0118343 -0.0103586
1 383 0.108066 0.998596 0.758293 0.786 0.415 0.916 205 0.0916667 0.0916667 0.0916667 0.0788476 0.781518 0.641438 0.12479 1 1 1 0.00141492 0.0130747 0.0099284
1 384 0.892148 -0.0807214 -0.0147405 0 0.857 0.533 137 0.0416667 0.0416667 0.0416667 0.011829 0.396405 0.232063 0.547441 1 1 1 0.030293 -0.00274091 -0.000500515
1 385 0.360698 -0.0687582 -0.23014 0.29 0.328 0.492 156 0.0866667 0.0866667 0.0866667 0.0321421 0.758171 0.61504 0.422468 1 1 1 0.00693944 -0.00132283 -0.00442764
1 386 0.299295 -0.849788 -0.830256 0.33 0.134 0.138 236 0.296667 0.296667 0.296667 0.02378 0.895016 0.430677 0.822413 1 1 1 0.0106086 -0.030121 -0.0294287
1 387 -0.765984 -0.804926 0.825068 0.247 0.849 0.988 25 0.246667 0.246667 0.246667 0.000837428 0.62743 0.103305 0.393231 1 1 1 -0.00470111 -0.00494011 0.00506373
1 388 -0.0293283 0.0082705 0.684622 0.126 0.427 0.262 304 0.0966667 0.0966667 0.0966667 0.0156352 0.640797 0.929899 0.328745 1 1 1 -0.00189184 0.000533494 0.0441619
1 389 -0.616627 -0.0741295 -0.017304 0.236 0.712 0.118 353 0.171667 0.171667 0.171667 0.0531925 0.441847 0.879391 0.272896 1 1 1 -0.0369466 -0.00444164 -0.00103681
1 390 0.454024 0.998352 -0.534349 0.43 0.747 0.14 128 0.456667 0.456667 0.456667 0.0065212 0.250893 0.52794 0.417035 1 1 1 0.00833193 0.0183211 -0.00980599
1 391 0.561327 -0.439802 -0.131809 0.634 0.097 0.545 15 0.11 0.11 0.11 0.0432191 0.69805 0.15949 0.118992 1 1 1 0.0304263 -0.0238391 -0.00714462
1 392 0.0196234 0.0511185 0.640187 0.363 0.956 0.853 35 0.225 0.225 0.225 0.0485781 0.481735 0.416364 0.215857 1 1 1 0.00140468 0.00365915 0.0458257
1 393 0.868343 0.0854824 0.923154 0.945 0.97 0.75 218 0.103333 0.103333 0.103333 0.0788452 0.910367 0.694632 0.13068 1 1 1 0.0107658 0.00105982 0.0114454
1 394 -0.0895108 0.773186 0.776849 0.455 0.852 0.96 92 0.181667 0.181667 0.181667 0.0332823 0.757683 0.530931 0.338969 1 1 1 -0.00328923 0.0284121 0.0285467
1 395 0.00234997 0.289773 0.655751 0.899 0.471 0.056 71 0.381667 0.381667 0.381667 0.0733396 0.107639 0.564379 0.953124 1 1 1 1.04196e-05 0.00128484 0.00290756
1 396 -0.407819 0.696829 -0.864315 0.809 0.734 0.296 81 0.483333 0.483333 0.483333 0.0073928 0.560137 0.584826 0.0421155 1 1 1 -0.0114035 0.0194849 -0.0241682
1 397 0.509323 0.0120548 0.8905 0.08 0.022 0.559 170 0.231667 0.231667 0.231667 0.0520914 0.766503 0.585925 0.0787072 1 1 1 0.00716584 0.000169603 0.0125287
1 398 0.00308239 -0.470016 0.918271 0.827 0.728 0.134 135 0.145 0.145 0.145 0.0429652 0.739158 0.17951 0.781274 1 1 1 0.000104466 -0.0159293 0.0311212
1 399 -0.96765 0.39201 -0.98175 0.417 0.035 0.155 24 0.328333 0.328333 0.328333 0.0794238 0.437422 0.00259407 0.874538 1 1 1 -0.0199354 0.00807613 -0.0202258
1 400 0.804132 -0.593371 0.51738 0.678 0.496 0.977 27 0.321667 0.321667 0.321667 0.0529264 0.890988 0.696036 0.687521 1 1 1 0.00557283 -0.0041122 0.00358557
1 401 -0.4373 0.120151 -0.753533 0.656 0.236 0.638 183 0.4 0.4 0.4 0.0140434 0.143803 0.508286 0.632221 1 1 1 -0.0031456 0.000864278 -0.00542034
1 402 -0.371136 -0.863582 0.767327 0.555 0.105 0.66 177 0.02 0.02 0.02 0.0770409 0.289682 0.553148 0.180425 1 1 1 -0.012202 -0.0283925 0.0252278
1 403 0.688955 -0.312296 -0.151158 0.381 0.765 0.633 19 0.215 0.215 0.215 0.00695578 0.158361 0.823267 0.987121 1 1 1 0.0185916 -0.00842739 -0.00407904
1 404 -0.666433 0.454695 0.193884 0.307 0.426 0.975 152 0.363333 0.363333 0.363333 0.0525407 0.598102 0.508347 0.91052 1 1 1 -0.00277965 0.0018965 0.000808678
1 405 0.847407 -0.363201 0.41557 0.346 0.964 0.781 210 0.296667 0.296667 0.296667 0.0119388 0.614795 0.0854213 0.700522 1 1 1 0.00268395 -0.00115035 0.00131622
1 406 -0.752739 0.272683 0.264077 0.535 0.158 0.468 100 0.431667 0.431667 0.431667 0.0195392 0.834346 0.592242 0.584521 1 1 1 -0.00395993 0.0014345 0.00138923
1 407 -0.427961 0.810297 -0.896969 0.103 0.853 0.747 151 0.425 0.425 0.425 0.0364684 0.220405 0.38493 0.779595 1 1 1 -0.0105668 0.0200071 -0.0221472
1 408 0.42143 0.927366 0.636402 0.151 0.46 0.067 297 0.35 0.35 0.35 0.0233528 0.963836 0.636219 0.103427 1 1 1 0.00976837 0.0214955 0.0147512
1 409 0.744682 0.601672 -0.115574 0.87 0.542 0.939 114 0.448333 0.448333 0.448333 0.0298154 0.718467 0.975829 0.840449 1 1 1 0.0167062 0.0134979 -0.00259277
1 410 0.880245 0.43144 0.41081 0.014 0.047 0.645 77 0.121667 0.121667 0.121667 0.0341197 0.144108 0.801721 0.960143 1 1 1 0.0170999 0.00838127 0.0079805
1 411 -0.155553 -0.79461 -0.201025 0.551 0.244 0.679 77 0.401667 0.401667 0.401667 0.0752074 0.338542 0.168889 0.12946 1 1 1 -0.00165196 -0.0084387 -0.00213487
1 412 0.870724 0.723502 -0.621387 0.252 0.214 0.42 254 0.02 0.02 0.02 0.0587176 0.19895 0.668325 0.128147 1 1 1 0.0169255 0.0140637 -0.0120788
1 413 -0.80163 -0.133335 0.20249 0.372 0.219 0.76 79 0.38 0.38 0.38 0.0143413 0.888058 0.771447 0.331309 1 1 1 -0.0417825 -0.0069497 0.0105542
1 414 0.112278 -0.0821863 -0.72747 0.362 0.844 0.976 231 0.285 0.285 0.285 0.040614 0.462539 0.91699 0.845546 1 1 1 0.00680571 -0.00498173 -0.0440956
1 415 -0.768853 -0.868587 0.0171208 0.741 0.792 0.543 141 0.206667 0.206667 0.206667 0.0752513 0.00766015 0.315653 0.832484 1 1 1 -0.00147904 -0.0016709 3.29353e-05
1 416 -0.952818 0.554552 -0.983276 0.304 0.52 0.898 110 0.296667 0.296667 0.296667 0.0204962 0.83993 0.0770592 0.887967 1 1 1 -0.0171716 0.00999406 -0.0177205
1 417 -0.285012 -0.903562 0.981506 0.579 0.993 0.053 243 0.188333 0.188333 0.188333 0.0283139 0.0607624 0.336558 0.103977 1 1 1 -0.00421628 -0.0133667 0.0145197
1 418 0.0903653 -0.150487 -0.0232246 0.833 0.373 0.403 280 0.336667 0.336667 0.336667 0.0536442 0.899899 0.814203 0.25544 1 1 1 0.021612 -0.0359909 -0.00555446
1 419 -0.980224 -0.3408 0.900571 0.648 0.338 0.843 262 0.24 0.24 0.24 0.0305087 0.777123 0.741935 0.938749 1 1 1 -0.0137952 -0.00479627 0.0126742
1 420 0.879269 -0.0555742 -0.79046 0.357 0.194 0.061 273 0.483333 0.483333 0.483333 0.0396326 0.179083 0.450087 0.791925 1 1 1 0.023311 -0.00147337 -0.0209565
1 421 -0.63683 0.767998 0.89581 0.877 0.545 0.553 299 0.19 0.19 0.19 0.0442787 0.749901 0.991791 0.0543535 1 1 1 -0.0167806 0.020237 0.0236048
1 422 -0.476058 0.156713 0.71337 0.268 0.442 0.569 216 0.201667 0.201667 0.201667 0.0457533 0.751152 0.445967 0.244209 1 1 1 -0.00733737 0.00241537 0.010995
1 423 0.0604571 0.671926 0.654958 0.53 0.707 0.545 288 0.126667 0.126667 0.126667 0.0651192 0.816187 0.493606 0.676534 1 1 1 0.00174958 0.019445 0.018954
1 424 -0.142613 -0.770379 0.678091 0.809 0.964 0.398 9 0.0683333 0.0683333 0.0683333 0.0274667 0.63451 0.0752281 0.768334 1 1 1 -0.00273919 -0.0147968 0.0130242
1 425 0.774468 0.170873 -0.31785 0.464 0.772 0.461 274 0.32 0.32 0.32 0.0508512 0.861568 0.450148 0.773064 1 1 1 0.0238913 0.00527121 -0.00980526
1 426 0.685049 -0.41789 0.734794 0.395 0.004 0.039 8 0.478333 0.478333 0.478333 0.0375842 0.893979 0.0836818 0.0334483 1 1 1 0.023878 -0.014566 0.025612
1 427 0.76574 0.865535 0.548204 0.297 0.865 0.316 37 0.223333 0.223333 0.223333 0.0257698 0.30192 0.491653 0.245613 1 1 1 0.0125173 0.0141486 0.00896131
1 428 -0.965026 -0.440962 -0.793939 0.716 0.078 0.788 308 0.425 0.425 0.425 0.0403723 0.465407 0.410596 0.983062 1 1 1 -0.0114024 -0.00521023 -0.00938087
1 429 0.142491 -0.592822 0.140049 0.197 0.32 0.135 118 0.351667 0.351667 0.351667 0.0641597 0.0364696 0.91171 0.222175 1 1 1 0.00396603 -0.0165003 0.00389808
1 430 -0.591968 -0.319132 0.355998 0.83 0.761 0.311 272 0.265 0.265 0.265 0.03755 0.923307 0.647755 0.110111 1 1 1 -0.0224119 -0.0120824 0.0134781
1 431 -0.88934 -0.251869 0.911069 0.75 0.302 0.977 330 0.333333 0.333333 0.333333 0.0304233 0.660543 0.326609 0.260445 1 1 1 -0.00593554 -0.001681 0.00608056
1 432 -0.97235 0.894101 -0.36021 0.72 0.928 0.576 330 0.38 0.38 0.38 0.020152 0.739464 0.470168 0.919187 1 1 1 -0.0269424 0.0247742 -0.00998089
1 433 -0.776238 -0.608631 0.131077 0.284 0.215 0.097 95 0.398333 0.398333 0.398333 0.076953 0.798608 0.222114 0.39082 1 1 1 -0.022261 -0.0174544 0.00375904
1 434 -0.910031 0.820734 0.954405 0.236 0.402 0.576 127 0.39 0.39 0.39 0.0535954 0.178167 0.406751 0.201849 1 1 1 -0.0186257 0.016798 0.0195339
1 435 0.632984 -0.359294 -0.863582 0.272 0.952 0.745 154 0.151667 0.151667 0.151667 0.0259359 0.193457 0.258187 0.125553 1 1 1 0.0112555 -0.00638887 -0.015356
1 436 0.0137639 0.00869775 -0.112155 0.579 0.195 0.032 252 0.371667 0.371667 0.371667 0.0327158 0.958586 0.657186 0.974364 1 1 1 1.27995e-05 8.08834e-06 -0.000104297
1 437 -0.662893 -0.149388 0.579699 0.052 0.535 0.563 38 0.185 0.185 0.185 0.0178814 0.291513 0.502335 0.46025 1 1 1 -0.00843683 -0.00190131 0.007378
1 438 0.690359 0.181738 0.969909 0.471 0.759 0.418 78 0.02 0.02 0.02 0.0394226 0.317576 0.827448 0.535478 1 1 1 0.00908013 0.00239035 0.012757
1 439 0.432661 -0.323527 -0.320048 0.601 0.201 0.837 202 0.0516667 0.0516667 0.0516667 0.0470937 0.119449 0.0762352 0.123325 1 1 1 0.0233513 -0.0174612 -0.0172734
1 440 -0.266091 0.489303 0.921506 0.943 0.701 0.358 185 0.0216667 0.0216667 0.0216667 0.00754173 0.248817 0.0755333 0.231971 1 1 1 -0.000962942 0.00177071 0.00333479
1 441 -0.636219 -0.675649 -0.527329 0.719 0.506 0.443 115 0.28 0.28 0.28 0.0734129 0.884182 0.154912 0.509903 1 1 1 -0.0276193 -0.029331 -0.0228922
1 442 0.731132 -0.243385 -0.0949431 0.973 0.953 0.886 212 0.275 0.275 0.275 0.0778149 0.601398 0.855892 0.284677 1 1 1 0.0350255 -0.0116596 -0.00454833
1 443 -0.827631 -0.198767 0.0597247 0.663 0.648 0.861 69 0.406667 0.406667 0.406667 0.0295541 0.564013 0.979369 0.496414 1 1 1 -0.0241998 -0.00581191 0.00174634
1 444 -0.508713 0.734794 0.774407 0.81 0.024 0.914 194 0.111667 0.111667 0.111667 0.0204352 0.521287 0.851497 0.562243 1 1 1 -0.00445777 0.00643888 0.006786
1 445 -0.252235 -0.835261 -0.14066 0.547 0.103 0.811 45 0.476667 0.476667 0.476667 0.00490738 0.426618 0.653829 0.29606 1 1 1 -0.00936757 -0.0310201 -0.00522385
1 446 -0.70336 0.350566 0.324686 0.303 0.478 0.187 210 0.386667 0.386667 0.386667 0.0234284 0.532456 0.411878 0.613727 1 1 1 -0.00199446 0.000994072 0.000920687
1 447 -0.922849 0.77337 0.856319 0.668 0.876 0.583 1 0.0416667 0.0416667 0.0416667 0.0691916 0.527146 0.12714 0.304941 1 1 1 -0.0169112 0.014172 0.0156921
1 448 0.151769 -0.0434278 0.542711 0.301 0.418 0.754 287 0.0983333 0.0983333 0.0983333 0.0420325 0.50972 0.495743 0.709769 1 1 1 0.0102303 -0.00292734 0.0365825
1 449 0.495346 -0.463729 -0.148473 0.761 0.982 0.666 229 0.135 0.135 0.135 0.0533708 0.43788 0.0234993 0.133641 1 1 1 0.0288032 -0.0269647 -0.00863333
1 450 0.0340282 -0.418744 -0.143651 0.141 0.888 0.225 39 0.0916667 0.0916667 0.0916667 0.0276766 0.01648 0.377239 0.222999 1 1 1 0.000466832 -0.00574474 -0.00197074
1 451 -0.0653401 0.163549 -0.287332 0.477 0.151 0.005 182 0.286667 0.286667 0.286667 0.0603436 0.361278 0.0227973 0.341075 1 1 1 -0.00738053 0.0184737 -0.0324557
1 452 0.143468 0.178686 0.385113 0.119 0.893 0.632 39 0.168333 0.168333 0.168333 0.0346226 0.091525 0.838404 0.523667 1 1 1 0.00299878 0.00373492 0.00804968
1 453 -0.824702 -0.584033 0.623585 0.633 0.782 0.937 274 0.388333 0.388333 0.388333 0.0643208 0.00628681 0.413678 0.413007 1 1 1 -0.027243 -0.0192928 0.0205994
1 454 0.152745 -0.121128 -0.810175 0.518 0.11 0.065 340 0.413333 0.413333 0.413333 0.0480874 0.69573 0.859737 0.802667 1 1 1 0.0004096 -0.000324816 -0.00217256
1 455 -0.905026 0.355144 -0.665517 0.845 0.952 0.75 21 0.418333 0.418333 0.418333 0.0054738 0.789697 0.381756 0.880795 1 1 1 -0.0282308 0.0110781 -0.0207597
1 456 -0.542894 0.237465 -0.477157 0.162 0.368 0.46 75 0.125 0.125 0.125 0.0397351 0.79812 0.567095 0.986511 1 1 1 -0.0152912 0.00668844 -0.0134396
1 457 0.919126 0.593493 0.412214 0.091 0.593 0.015 125 0.323333 0.323333 0.323333 0.0653609 0.684225 0.676229 0.782678 1 1 1 0.0298176 0.0192537 0.0133727
1 458 0.424665 0.486068 0.0777917 0.356 0.591 0.466 265 0.153333 0.153333 0.153333 0.00473159 0.612476 0.0133366 0.300851 1 1 1 0.0118818 0.0135998 0.00217655
1 459 -0.529344 0.543992 -0.510239 0.339 0.975 0.675 310 0.171667 0.171667 0.171667 0.0087405 0.99762 0.643086 0.555193 1 1 1 -0.0184345 0.0189446 -0.0177691
1 460 -0.354045 -0.218116 0.239662 0.14 0.514 0.308 226 0.105 0.105 0.105 0.0189996 0.920957 0.89996 0.198187 1 1 1 -0.0174689 -0.010762 0.0118251
1 461 0.420515 -0.329325 0.51677 0.646 0.95 0.916 350 0.0916667 0.0916667 0.0916667 0.048876 0.158147 0.350047 0.529283 1 1 1 2.65927e-05 -2.0826e-05 3.26797e-05
1 462 -0.815668 -0.541978 -0.665029 0.925 0.461 0.116 341 0.291667 0.291667 0.291667 0.0461806 0.859279 0.196722 0.412702 1 1 1 -0.029959 -0.0199066 -0.0244261
1 463 -0.463118 0.738334 -0.990905 0.95 0.132 0.259 0 0.0516667 0.0516667 0.0516667 0.0459633 0.826533 0.779717 0.122227 1 1 1 -0.0137246 0.0218807 -0.0293657
1 464 -0.174291 -0.726676 -0.118381 0.118 0.453 0.714 269 0.205 0.205 0.205 0.0508048 0.119572 0.424512 0.971618 1 1 1 -0.00105608 -0.00440315 -0.000717308
1 465 -0.0641194 0.0622883 -0.700919 0.468 0.141 0.888 52 0.235 0.235 0.235 0.0323862 0.97528 0.960601 0.186193 1 1 1 -0.000687285 0.000667657 -0.00751302
1 466 0.328776 -0.337565 0.838923 0.386 0.063 0.864 320 0.193333 0.193333 0.193333 0.0274545 0.371349 0.750603 0.195959 1 1 1 0.00312419 -0.00320771 0.00797187
1 467 -0.668874 -0.241066 -0.214454 0.256 0.551 0.982 124 0.361667 0.361667 0.361667 0.0434877 0.603595 0.563555 0.419782 1 1 1 -0.0418563 -0.0150852 -0.0134199
1 468 0.674612 -0.0142521 0.85754 0.584 0.752 0.141 300 0.288333 0.288333 0.288333 0.00522233 0.937986 0.634175 0.195105 1 1 1 0.0261648 -0.000552768 0.0332596
1 469 -0.715934 -0.00466931 0.183569 0.075 0.367 0.572 55 0.133333 0.133333 0.133333 0.0690793 0.108097 0.0399182 0.90173 1 1 1 -0.0414442 -0.000270299 0.0106265
1 470 -0.68273 0.779473 -0.470504 0.251 0.189 0.252 244 0.295 0.295 0.295 0.0625703 0.518296 0.175695 0.220222 1 1 1 -0.00992495 0.0113313 -0.00683979
1 471 0.453658 -0.760796 0.774712 0.951 0.04 0.18 233 0.171667 0.171667 0.171667 0.0384948 0.636738 0.942351 0.281869 1 1 1 0.00146594 -0.00245842 0.00250339
1 472 0.433393 0.0055238 0.638478 0.074 0.195 0.214 333 0.015 0.015 0.015 0.019732 0.135075 0.192724 0.619617 1 1 1 0.00925742 0.00011799 0.0136381
1 473 -0.153539 0.509323 -0.34312 0.572 0.578 0.303 72 0.00666667 0.00666667 0.00666667 0.000966826 0.638264 0.77401 0.598468 1 1 1 -0.0104909 0.0348009 -0.0234446
1 474 -0.827998 -0.698233 -0.590747 0.383 0.151 0.523 126 0.14 0.14 0.14 0.0540519 0.650319 0.992157 0.1554 1 1 1 -0.01203 -0.0101447 -0.00858299
1 475 0.0669271 -0.375103 -0.00540179 0.083 0.16 0.654 168 0.238333 0.238333 0.238333 0.0731687 0.907224 0.683493 0.698904 1 1 1 0.00648072 -0.0363222 -0.000523069
1 476 0.90521 0.231666 -0.241798 0.548 0.55 0.484 347 0.161667 0.161667 0.161667 0.0182012 0.236274 0.45909 0.225288 1 1 1 0.0138355 0.00354085 -0.00369571
1 477 0.566942 -0.543748 -0.731559 0.487 0.175 0.114 87 0.413333 0.413333 0.413333 0.0672408 0.340465 0.682638 0.454848 1 1 1 0.0113454 -0.0108813 -0.0146397
1 478 0.477401 0.534532 -0.456954 0.304 0.405 0.074 273 0.00333333 0.00333333 0.00333333 0.0620161 0.256142 0.061861 0.205878 1 1 1 0.0230436 0.0258012 -0.0220566
1 479 0.896115 0.174291 0.525803 0.126 0.149 0.899 97 0.311667 0.311667 0.311667 0.0752977 0.9906 0.942381 0.00338755 1 1 1 0.0302833 0.00589 0.017769
1 480 -0.544237 0.37553 -0.187048 0.317 0.497 0.967 252 0.498333 0.498333 0.498333 0.0756737 0.211768 0.302744 0.824671 1 1 1 -0.0146623 0.0101172 -0.00503928
1 481 -0.0483108 -0.499252 -0.369915 0.163 0.006 0.659 59 0.03 0.03 0.03 0.000219733 0.448347 0.23957 0.740196 1 1 1 -0.00134034 -0.0138513 -0.010263
1 482 -0.619678 0.595508 0.0583819 0.348 0.623 0.467 195 0.111667 0.111667 0.111667 0.0552776 0.888638 0.655293 0.29664 1 1 1 -0.014412 0.0138499 0.0013578
1 483 -0.771294 0.958251 0.511338 0.599 0.464 0.803 107 0.0983333 0.0983333 0.0983333 0.0177837 0.737571 0.910123 0.362255 1 1 1 -0.0168728 0.0209627 0.011186
1 484 -0.986572 0.961058 -0.538682 0.046 0.236 0.071 265 0.368333 0.368333 0.368333 0.0314097 0.687979 0.741569 0.0584124 1 1 1 -0.0276075 0.0268935 -0.0150741
1 485 0.0697348 0.119907 0.415998 0.602 0.136 0.596 237 0.253333 0.253333 0.253333 0.0415394 0.383129 0.837794 0.534593 1 1 1 0.000170315 0.000292853 0.001016
1 486 -0.40965 0.414716 0.145115 0.276 0.229 0.493 100 0.19 0.19 0.19 0.0269759 0.513688 0.0429395 0.417768 1 1 1 -0.0308019 0.0311828 0.0109114
1 487 0.914975 0.85992 -0.843135 0.909 0.314 0.487 247 0.421667 0.421667 0.421667 0.049545 0.745811 0.198248 0.356945 1 1 1 0.0192659 0.0181066 -0.0177532
1 488 0.0688193 -0.675344 0.424543 0.519 0.647 0.133 193 0.335 0.335 0.335 0.0727488 0.598743 0.43321 0.439924 1 1 1 0.000395274 -0.00387894 0.00243843
1 489 0.552293 -0.396832 0.36314 0.154 0.611 0.973 84 0.0516667 0.0516667 0.0516667 0.0709104 0.726249 0.0069277 0.364818 1 1 1 0.00670922 -0.00482068 0.00441139
1 490 0.379437 -0.265053 0.0557573 0.664 0.095 0.336 109 0.148333 0.148333 0.148333 0.0572527 0.439833 0.894345 0.0330515 1 1 1 0.0378664 -0.0264514 0.00556438
1 491 -0.632679 -0.424726 0.730399 0.889 0.281 0.694 132 0.438333 0.438333 0.438333 0.0103201 0.153905 0.115574 0.93292 1 1 1 -0.0153606 -0.0103118 0.0177331
1 492 0.675222 -0.384686 -0.513657 0.408 0.058 0.72 149 0.08 0.08 0.08 0.0522013 0.681875 0.551164 0.604846 1 1 1 0.00716954 -0.00408461 -0.00545403
1 493 0.59331 -0.947386 -0.729301 0.524 0.393 0.764 105 0.278333 0.278333 0.278333 0.0400916 0.217719 0.288919 0.287362 1 1 1 0.0107752 -0.0172057 -0.013245
1 494 0.582018 -0.888668 -0.894772 0.512 0.773 0.341 302 0.05 0.05 0.05 0.0254305 0.48381 0.264199 0.959777 1 1 1 0.00187336 -0.00286038 -0.00288003
1 495 -0.439009 -0.387493 0.562548 0.883 0.007 0.865 58 0.0383333 0.0383333 0.0383333 0.0219172 0.789117 0.493942 0.499191 1 1 1 -0.0121298 -0.0107064 0.0155431
1 496 0.448225 0.794427 0.492843 0.969 0.014 0.257 164 0.121667 0.121667 0.121667 0.060368 0.727866 0.0769066 0.422193 1 1 1 0.00596504 0.0105723 0.00655883
1 497 0.949034 0.382916 0.000640869 0.304 0.192 0.875 20 0.24 0.24 0.24 0.0645064 0.0607929 0.677999 0.450148 1 1 1 0.0166149 0.00670379 1.12198e-05
1 498 0.59508 -0.0883511 -0.32902 0.867 0.8 0.083 342 0.37 0.37 0.37 0.0742698 0.528672 0.448225 0.624866 1 1 1 0.0250645 -0.00372131 -0.0138582
1 499 0.0335399 0.29252 -0.953734 0.963 0.274 0.902 259 0.445 0.445 0.445 0.0483047 0.1995 0.219092 0.459944 1 1 1 0.00111193 0.00969779 -0.0316187
