Scenario_2
300
1 0 12.6593 -8.55586 5.78466 0.081 0.91 0.788 84 0.403333 0.403333 0.403333 0.0126811 0.797235 0.210913 0.903623 1 1 1 -0.0421975 0.0285195 -0.0192822
1 1 3.94937 -2.71587 5.37855 0.837 0.673 0.455 236 0.221667 0.221667 0.221667 0 0 0 0 1 1 1 0 0 0
1 2 4.64409 4.62401 3.5251 0.34 0.394 0.308 189 0.19 0.19 0.19 0 0 0 0 1 1 1 0 0 0
1 3 -5.16834 -0.679555 -0.204016 0.59 0.528 0.942 54 0.335 0.335 0.335 0 0 0 0 1 1 1 0 0 0
1 4 -6.67507 13.7676 -4.61141 0.679 0.304 0.827 122 0.155 0.155 0.155 0.00742088 0.906003 0.90762 0.11713 1 1 1 0.0222502 -0.0458919 0.0153714
1 5 -5.58022 -1.0141 -5.95108 0.59 0.194 0.486 279 0.456667 0.456667 0.456667 0 0 0 0 1 1 1 0 0 0
1 6 -4.04764 3.2602 -0.408673 0.239 0.882 0.302 2 0.04 0.04 0.04 0 0 0 0 1 1 1 0 0 0
1 7 -6.77398 0.172399 -2.51378 0.537 0.392 0.885 169 0.296667 0.296667 0.296667 0 0 0 0 1 1 1 0 0 0
1 8 9.37107 -1.61547 -13.5069 0.321 0.089 0.378 119 0.166667 0.166667 0.166667 0.0322214 0.882138 0.98587 0.870724 1 1 1 -0.0312369 0.00538489 0.0450231
1 9 0.0557575 0.673147 -1.84426 0.069 0.228 0.248 84 0.05 0.05 0.05 0 0 0 0 1 1 1 0 0 0
1 10 4.32749 2.70562 -5.22346 0.866 0.309 0.708 331 0.41 0.41 0.41 0 0 0 0 1 1 1 0 0 0
1 11 1.75668 0.935484 6.55437 0.703 0.125 0.011 234 0.188333 0.188333 0.188333 0 0 0 0 1 1 1 0 0 0
1 12 9.84106 -5.03183 -10.5606 0.704 0.84 0.826 221 0.105 0.105 0.105 0.0108243 0.141362 0.113468 0.67214 1 1 1 -0.0328035 0.0167728 0.0352019
1 13 6.96966 -1.19184 1.37727 0.084 0.622 0.42 43 0.218333 0.218333 0.218333 0 0 0 0 1 1 1 0 0 0
1 14 -0.196326 4.78338 -5.69259 0.031 0.522 0.463 287 0.34 0.34 0.34 0 0 0 0 1 1 1 0 0 0
1 15 5.8793 -1.70797 1.27174 0.697 0.998 0.703 145 0.298333 0.298333 0.298333 0 0 0 0 1 1 1 0 0 0
1 16 11.351 10.5332 7.98846 0.124 0.909 0.194 290 0.27 0.27 0.27 0.0129728 0.364544 0.06592 0.792505 1 1 1 -0.0378366 -0.0351107 -0.0266282
1 17 -0.0382395 4.29075 -3.41914 0.81 0.072 0.09 276 0.156667 0.156667 0.156667 0 0 0 0 1 1 1 0 0 0
1 18 -6.89703 -2.24845 -1.40248 0.749 0.45 0.911 135 0.343333 0.343333 0.343333 0 0 0 0 1 1 1 0 0 0
1 19 3.73788 3.36018 -6.90088 0.957 0.596 0.754 221 0.11 0.11 0.11 0 0 0 0 1 1 1 0 0 0
1 20 -12.2799 9.15403 12.4858 0.71 0.497 0.379 296 0.161667 0.161667 0.161667 0.0109879 0.881954 0.886013 0.880947 1 1 1 0.0409328 -0.0305134 -0.0416193
1 21 4.52019 0.458235 -0.179662 0.951 0.05 0.756 254 0.305 0.305 0.305 0 0 0 0 1 1 1 0 0 0
1 22 -6.36467 -1.69259 3.24738 0.796 0.796 0.803 220 0.453333 0.453333 0.453333 0 0 0 0 1 1 1 0 0 0
1 23 6.16471 -0.303995 2.68596 0.293 0.045 0.828 175 0.131667 0.131667 0.131667 0 0 0 0 1 1 1 0 0 0
1 24 -11.6526 -7.56719 -12.2047 0.188 0.115 0.453 245 0.413333 0.413333 0.413333 0.025616 0.0155339 0.837275 0.110538 1 1 1 0.0388421 0.025224 0.0406822
1 25 2.82012 -0.914548 -5.66268 0.883 0.341 0.784 234 0.351667 0.351667 0.351667 0 0 0 0 1 1 1 0 0 0
1 26 -4.50224 -4.41465 -0.953856 0.78 0.576 0.764 259 0.403333 0.403333 0.403333 0 0 0 0 1 1 1 0 0 0
1 27 -5.32215 -0.7069 3.86605 0.039 0.787 0.764 127 0.345 0.345 0.345 0 0 0 0 1 1 1 0 0 0
1 28 -1.44969 13.6428 -12.7806 0.584 0.283 0.895 249 0.0183333 0.0183333 0.0183333 0.003202 0.291269 0.129795 0.434736 1 1 1 0.0048323 -0.045476 0.042602
1 29 3.72378 -1.61483 0.561632 0.974 0.808 0.718 232 0.18 0.18 0.18 0 0 0 0 1 1 1 0 0 0
1 30 5.47554 -6.84277 -0.030549 0.445 0.118 0.593 31 0.446667 0.446667 0.446667 0 0 0 0 1 1 1 0 0 0
1 31 5.48494 0.582568 -6.33689 0.437 0.574 0.811 293 0.0866667 0.0866667 0.0866667 0 0 0 0 1 1 1 0 0 0
1 32 -4.63363 -12.8891 0.981414 0.289 0.37 0.289 134 0.216667 0.216667 0.216667 0.029769 0.655446 0.753777 0.271432 1 1 1 0.0154454 0.0429638 -0.00327138
1 33 0.782098 -2.99274 6.10959 0.264 0.556 0.975 296 0.473333 0.473333 0.473333 0 0 0 0 1 1 1 0 0 0
1 34 1.03973 -4.96796 1.18116 0.599 0.295 0.731 119 0.0383333 0.0383333 0.0383333 0 0 0 0 1 1 1 0 0 0
1 35 3.47938 2.43388 6.28776 0.021 0.932 0.088 233 0.333333 0.333333 0.333333 0 0 0 0 1 1 1 0 0 0
1 36 -10.5999 -11.1297 -1.906 0.294 0.751 0.932 162 0.11 0.11 0.11 0.0151653 0.193213 0.761376 0.77691 1 1 1 0.0353329 0.0370989 0.00635334
1 37 0.232643 -5.96133 -6.21555 0.553 0.072 0.915 226 0.11 0.11 0.11 0 0 0 0 1 1 1 0 0 0
1 38 0.350566 5.65712 -6.96796 0.346 0.29 0.49 106 0.421667 0.421667 0.421667 0 0 0 0 1 1 1 0 0 0
1 39 -5.75753 4.15232 1.13715 0.161 0.239 0.356 315 0.256667 0.256667 0.256667 0 0 0 0 1 1 1 0 0 0
1 40 12.9618 -0.696859 8.63277 0.889 0.186 0.456 319 0.155 0.155 0.155 0.00990387 0.551347 0.138096 0.481765 1 1 1 -0.0432059 0.00232286 -0.0287759
1 41 -6.99915 3.00513 -2.42064 0.546 0.852 0.465 245 0.215 0.215 0.215 0 0 0 0 1 1 1 0 0 0
1 42 6.25571 1.91562 3.06153 0.695 0.6 0.357 17 0.158333 0.158333 0.158333 0 0 0 0 1 1 1 0 0 0
1 43 -3.95621 5.48152 2.79705 0.592 0.878 0.318 274 0.435 0.435 0.435 0 0 0 0 1 1 1 0 0 0
1 44 -5.24546 5.59581 2.07776 0.961 0.14 0.668 299 0.288333 0.288333 0.288333 0.0225581 0.371136 0.683493 0.0864895 1 1 1 0.0174849 -0.0186527 -0.00692587
1 45 -3.30036 -4.13224 4.67315 0.241 0.936 0.802 290 0.165 0.165 0.165 0 0 0 0 1 1 1 0 0 0
1 46 6.28904 3.13031 -2.00534 0.948 0.495 0.996 308 0.33 0.33 0.33 0 0 0 0 1 1 1 0 0 0
1 47 -2.16001 6.60308 3.04102 0.578 0.082 0.551 271 0.425 0.425 0.425 0 0 0 0 1 1 1 0 0 0
1 48 1.45225 -10.3281 8.13202 0.998 0.228 0.553 247 0.0733333 0.0733333 0.0733333 0.0282382 0.515946 0.301187 0.950896 1 1 1 -0.00484085 0.0344271 -0.0271067
1 49 -0.371075 1.02777 -2.56804 0.471 0.213 0.669 41 0.305 0.305 0.305 0 0 0 0 1 1 1 0 0 0
1 50 0.672719 1.05982 -4.25486 0.242 0.097 0.408 83 0.101667 0.101667 0.101667 0 0 0 0 1 1 1 0 0 0
1 51 1.27473 -5.86477 2.82867 0.055 0.858 0.503 178 0.365 0.365 0.365 0 0 0 0 1 1 1 0 0 0
1 52 -8.3166 -5.18479 -1.86328 0.32 0.538 0.431 18 0.326667 0.326667 0.326667 0.0279391 0.99237 0.395093 0.269295 1 1 1 0.027722 0.0172826 0.00621092
1 53 2.77697 5.32173 -4.5894 0.437 0.346 0.755 314 0.115 0.115 0.115 0 0 0 0 1 1 1 0 0 0
1 54 2.31724 1.90152 -4.58556 0.082 0.302 0.769 310 0.385 0.385 0.385 0 0 0 0 1 1 1 0 0 0
1 55 6.67956 -2.86541 -1.69173 0.951 0.294 0.565 339 0.415 0.415 0.415 0 0 0 0 1 1 1 0 0 0
1 56 13.9769 -3.29716 -4.66439 0.079 0.006 0.565 278 0.446667 0.446667 0.446667 0.011127 0.978088 0.639729 0.484695 1 1 1 -0.0465898 0.0109905 0.015548
1 57 5.81863 -3.97543 -0.64922 0.633 0.543 0.619 205 0.161667 0.161667 0.161667 0 0 0 0 1 1 1 0 0 0
1 58 -5.18116 -1.71053 5.29139 0.266 0.316 0.662 252 0.116667 0.116667 0.116667 0 0 0 0 1 1 1 0 0 0
1 59 -0.926939 3.09442 -5.18458 0.098 0.486 0.234 58 0.095 0.095 0.095 0 0 0 0 1 1 1 0 0 0
1 60 2.75112 10.5614 11.715 0.491 0.881 0.859 305 0.465 0.465 0.465 0.00992828 0.975585 0.0471511 0.435072 1 1 1 -0.0091704 -0.0352047 -0.0390501
1 61 -6.88379 2.84918 5.18116 0.157 0.093 0.998 346 0.0316667 0.0316667 0.0316667 0 0 0 0 1 1 1 0 0 0
1 62 2.46294 -2.70476 0.851314 0.196 0.125 0.08 326 0.428333 0.428333 0.428333 0 0 0 0 1 1 1 0 0 0
1 63 4.163 -0.0536208 6.87353 0.392 0.379 0.717 174 0.285 0.285 0.285 0 0 0 0 1 1 1 0 0 0
1 64 -8.20038 10.1333 -2.97159 0.908 0.186 0.626 212 0.278333 0.278333 0.278333 0.00840968 0.925047 0.161962 0.030549 1 1 1 0.0273346 -0.0337777 0.00990529
1 65 3.72121 -0.054903 4.01859 0.471 0.595 0.732 344 0.398333 0.398333 0.398333 0 0 0 0 1 1 1 0 0 0
1 66 6.22153 6.42833 -5.24183 0.639 0.097 0.887 308 0.198333 0.198333 0.198333 0 0 0 0 1 1 1 0 0 0
1 67 4.34245 4.05832 2.19205 0.561 0.46 0.559 176 0.338333 0.338333 0.338333 0 0 0 0 1 1 1 0 0 0
1 68 -11.4305 1.94104 0.42256 0.21 0.258 0.05 159 0.251667 0.251667 0.251667 0.0334642 0.800867 0.194891 0.195074 1 1 1 0.0381015 -0.00647012 -0.00140853
1 69 5.37086 3.90024 -3.83273 0.337 0.425 0.372 264 0.181667 0.181667 0.181667 0 0 0 0 1 1 1 0 0 0
1 70 -0.246315 5.63576 -5.13715 0.89 0.302 0.586 38 0.17 0.17 0.17 0 0 0 0 1 1 1 0 0 0
1 71 -5.30677 4.23734 -0.330912 0.933 0.53 0.479 344 0.241667 0.241667 0.241667 0 0 0 0 1 1 1 0 0 0
1 72 10.9143 13.9154 -10.0077 0.413 0.279 0.722 42 0.498333 0.498333 0.498333 0.0161174 0.881741 0.13654 0.0246284 1 1 1 -0.0363811 -0.0463847 0.033359
1 73 6.49028 3.73873 5.11963 0.882 0.504 0.038 234 0.435 0.435 0.435 0 0 0 0 1 1 1 0 0 0
1 74 3.40718 3.30079 4.20444 0.383 0.43 0.625 180 0.215 0.215 0.215 0 0 0 0 1 1 1 0 0 0
1 75 -3.01581 3.72634 -0.609485 0.132 0.163 0.07 302 0.455 0.455 0.455 0 0 0 0 1 1 1 0 0 0
1 76 -2.31617 -13.8112 2.01538 0.829 0.907 0.643 189 0.265 0.265 0.265 0.0113749 0.520585 0.0765099 0.919431 1 1 1 0.00772057 0.0460372 -0.00671794
1 77 0.19248 2.92352 -6.44627 0.762 0.366 0.099 126 0.025 0.025 0.025 0 0 0 0 1 1 1 0 0 0
1 78 -5.78402 -5.75368 -6.99188 0.613 0.712 0.557 13 0.18 0.18 0.18 0 0 0 0 1 1 1 0 0 0
1 79 3.67293 6.20658 -3.37086 0.919 0.018 0.636 122 0.186667 0.186667 0.186667 0 0 0 0 1 1 1 0 0 0
1 80 -4.66439 -2.76223 0.182439 0.139 0.182 0.221 295 0.385 0.385 0.385 0.0171355 0.127079 0.88113 0.286691 1 1 1 0.015548 0.00920744 -0.00060813
1 81 6.2775 5.3542 3.33711 0.305 0.79 0.723 219 0 0 0 0 0 0 0 1 1 1 0 0 0
1 82 3.90365 1.73147 -3.31147 0.14 0.693 0.342 2 0.271667 0.271667 0.271667 0 0 0 0 1 1 1 0 0 0
1 83 5.90194 1.79684 -4.15445 0.116 0.292 0.816 339 0.386667 0.386667 0.386667 0 0 0 0 1 1 1 0 0 0
1 84 11.2279 0.5909 -2.96304 0.085 0.919 0.967 129 0.0516667 0.0516667 0.0516667 0.0276046 0.193945 0.094821 0.478744 1 1 1 -0.0374265 -0.00196967 0.00987681
1 85 1.23328 1.3683 1.52339 0.83 0.397 0.79 179 0.33 0.33 0.33 0 0 0 0 1 1 1 0 0 0
1 86 6.87866 -6.54796 3.8464 0.428 0.46 0.883 300 0.331667 0.331667 0.331667 0 0 0 0 1 1 1 0 0 0
1 87 -6.49669 -4.94659 -3.31233 0.381 0.267 0.658 83 0.0966667 0.0966667 0.0966667 0 0 0 0 1 1 1 0 0 0
1 88 -3.01602 -1.35398 -10.6708 0.781 0.942 0.105 259 0.365 0.365 0.365 0.0166814 0.270394 0.732841 0.864559 1 1 1 0.0100534 0.00451328 0.0355693
1 89 2.23563 -4.25956 6.35484 0.331 0.821 0.05 84 0.396667 0.396667 0.396667 0 0 0 0 1 1 1 0 0 0
1 90 4.23862 -6.45653 -1.73061 0.701 0.645 0.653 72 0.396667 0.396667 0.396667 0 0 0 0 1 1 1 0 0 0
1 91 -3.00342 4.97009 -6.00961 0.2 0.23 0.387 32 0.378333 0.378333 0.378333 0 0 0 0 1 1 1 0 0 0
1 92 -3.04166 9.4044 -10.2401 0.865 0.459 0.196 237 0.351667 0.351667 0.351667 0.0180865 0.257454 0.413831 0.583361 1 1 1 0.0101389 -0.031348 0.0341337
1 93 -2.85388 -6.31639 3.2602 0.328 0.309 0.666 111 0.055 0.055 0.055 0 0 0 0 1 1 1 0 0 0
1 94 -4.23264 -1.42256 0.935057 0.319 0.192 0.835 17 0.0283333 0.0283333 0.0283333 0 0 0 0 1 1 1 0 0 0
1 95 3.58791 -5.02264 5.77761 0.431 0.317 0.867 219 0.375 0.375 0.375 0 0 0 0 1 1 1 0 0 0
1 96 -9.7163 4.20722 -7.68767 0.115 0.455 0.744 87 0.333333 0.333333 0.333333 0.0348045 0.250618 0.596942 0.779504 1 1 1 0.0323877 -0.0140241 0.0256256
1 97 0.516343 0.847896 0.856441 0.707 0.118 0.436 148 0.241667 0.241667 0.241667 0 0 0 0 1 1 1 0 0 0
1 98 -6.06174 5.5627 0.00576782 0.938 0.126 0.486 166 0.0333333 0.0333333 0.0333333 0 0 0 0 1 1 1 0 0 0
1 99 -0.828669 -1.05554 3.25892 0.456 0.44 0.065 35 0.37 0.37 0.37 0 0 0 0 1 1 1 0 0 0
1 100 11.4236 -10.141 1.72057 0.137 0.92 0.892 240 0.326667 0.326667 0.326667 0.00166021 0.0887478 0.33433 0.247658 1 1 1 -0.0380788 0.0338033 -0.00573524
1 101 -2.41636 -4.68041 2.94745 0.421 0.814 0.336 162 0.193333 0.193333 0.193333 0 0 0 0 1 1 1 0 0 0
1 102 -4.08908 -2.05448 6.83337 0.582 0.478 0.07 294 0.42 0.42 0.42 0 0 0 0 1 1 1 0 0 0
1 103 -3.67165 -4.82269 -5.16749 0.565 0.592 0.43 18 0.115 0.115 0.115 0 0 0 0 1 1 1 0 0 0
1 104 -9.0062 1.56334 -3.63128 0.605 0.465 0.657 137 0.1 0.1 0.1 0.0116776 0.901273 0.775292 0.189093 1 1 1 0.0300207 -0.00521114 0.0121043
1 105 0.272805 -2.37577 -5.47468 0.022 0.047 0.448 211 0.455 0.455 0.455 0 0 0 0 1 1 1 0 0 0
1 106 -2.46849 1.61184 -0.0446486 0.875 0.897 0.69 226 0.211667 0.211667 0.211667 0 0 0 0 1 1 1 0 0 0
1 107 6.32835 4.41978 -1.91562 0.573 0.541 0.746 86 0.495 0.495 0.495 0 0 0 0 1 1 1 0 0 0
1 108 3.51933 -11.5134 -6.22987 0.022 0.239 0.462 26 0.441667 0.441667 0.441667 0.00530045 0.843135 0.506302 0.778039 1 1 1 -0.0117311 0.0383778 0.0207662
1 109 5.19739 0.724418 -2.23093 0.894 0.009 0.257 37 0.205 0.205 0.205 0 0 0 0 1 1 1 0 0 0
1 110 -6.6646 0.882076 -4.90088 0.97 0.269 0.858 258 0.298333 0.298333 0.298333 0 0 0 0 1 1 1 0 0 0
1 111 -2.8731 5.85281 -2.21342 0.432 0.365 0.204 208 0.486667 0.486667 0.486667 0 0 0 0 1 1 1 0 0 0
1 112 4.87716 -7.00406 -5.91284 0.26 0.404 0.908 219 0.0616667 0.0616667 0.0616667 0.00808374 0.569689 0.662282 0.187658 1 1 1 -0.0162572 0.0233469 0.0197095
1 113 -6.3433 -1.98013 2.0455 0.486 0.899 0.966 225 0.26 0.26 0.26 0 0 0 0 1 1 1 0 0 0
1 114 4.5454 -5.48451 3.17774 0.153 0.564 0.727 22 0.15 0.15 0.15 0 0 0 0 1 1 1 0 0 0
1 115 5.36958 -6.90515 1.90066 0.622 0.994 0.404 104 0.308333 0.308333 0.308333 0 0 0 0 1 1 1 0 0 0
1 116 9.24802 -5.15574 12.6217 0.487 0.735 0.234 36 0.356667 0.356667 0.356667 0.0205634 0.167211 0.192022 0.62917 1 1 1 -0.0308267 0.0171858 -0.0420722
1 117 1.64003 -2.65178 5.90835 0.148 0.301 0.804 335 0.245 0.245 0.245 0 0 0 0 1 1 1 0 0 0
1 118 -4.93078 -4.29032 2.29246 0.778 0.83 0.857 310 0.15 0.15 0.15 0 0 0 0 1 1 1 0 0 0
1 119 -3.61354 2.20273 -0.426618 0.527 0.827 0.355 262 0.313333 0.313333 0.313333 0 0 0 0 1 1 1 0 0 0
1 120 12.0833 3.87567 13.7334 0.007 0.785 0.785 324 0.418333 0.418333 0.418333 0.00822657 0.0153203 0.983215 0.436445 1 1 1 -0.0402777 -0.0129189 -0.045778
1 121 -6.17881 6.98376 3.09998 0.226 0.039 0.022 359 0.08 0.08 0.08 0 0 0 0 1 1 1 0 0 0
1 122 -2.49413 4.09848 -6.26939 0.795 0.889 0.679 209 0.376667 0.376667 0.376667 0 0 0 0 1 1 1 0 0 0
1 123 4.19803 -0.330912 3.141 0.059 0.649 0.937 194 0.441667 0.441667 0.441667 0 0 0 0 1 1 1 0 0 0
1 124 -6.63234 13.7266 7.8526 0.42 0.649 0.617 189 0.198333 0.198333 0.198333 0.0063271 0.248512 0.844905 0.123783 1 1 1 0.0221078 -0.0457552 -0.0261753
1 125 3.56398 -6.36082 -3.45119 0.966 0.018 0.202 24 0.385 0.385 0.385 0 0 0 0 1 1 1 0 0 0
1 126 1.13971 5.75368 1.97031 0.99 0.879 0.57 312 0.155 0.155 0.155 0 0 0 0 1 1 1 0 0 0
1 127 5.50972 -5.57381 6.12626 0.73 0.25 0.205 195 0.38 0.38 0.38 0 0 0 0 1 1 1 0 0 0
1 128 3.0878 -0.44734 -9.78722 0.926 0.503 0.889 261 0.4 0.4 0.4 0.0399353 0.0639973 0.166051 0.176427 1 1 1 -0.0102927 0.00149113 0.0326241
1 129 6.91797 -5.53536 -1.62764 0.682 0.221 0.568 212 0.413333 0.413333 0.413333 0 0 0 0 1 1 1 0 0 0
1 130 -6.05832 1.18458 4.674 0.209 0.48 0.01 203 0.448333 0.448333 0.448333 0 0 0 0 1 1 1 0 0 0
1 131 3.71566 -4.1583 -2.76116 0.652 0.737 0.856 291 0.448333 0.448333 0.448333 0 0 0 0 1 1 1 0 0 0
1 132 12.5208 10.6845 8.77718 0.557 0.067 0.938 181 0.355 0.355 0.355 0.00176153 0.465163 0.331339 0.0103458 1 1 1 -0.0417361 -0.0356149 -0.0292573
1 133 6.62145 5.04743 1.8746 0.517 0.872 0.289 73 0.391667 0.391667 0.391667 0 0 0 0 1 1 1 0 0 0
1 134 4.57317 5.33796 2.69237 0.67 0.45 0.422 282 0.188333 0.188333 0.188333 0 0 0 0 1 1 1 0 0 0
1 135 0.897458 -0.277078 2.37834 0.537 0.291 0.225 200 0.166667 0.166667 0.166667 0 0 0 0 1 1 1 0 0 0
1 136 -0.828455 -12.643 -6.5298 0.177 0.606 0.971 20 0.483333 0.483333 0.483333 0.00332408 0.387127 0.80697 0.0536515 1 1 1 0.00276152 0.0421434 0.021766
1 137 4.09934 -6.5877 -4.45311 0.446 0.579 0.869 288 0.293333 0.293333 0.293333 0 0 0 0 1 1 1 0 0 0
1 138 4.38005 5.59816 6.06516 0.652 0.095 0.566 301 0.168333 0.168333 0.168333 0 0 0 0 1 1 1 0 0 0
1 139 -2.17539 2.31254 0.628712 0.393 0.874 0.289 122 0.461667 0.461667 0.461667 0 0 0 0 1 1 1 0 0 0
1 140 -6.29224 -3.4561 -13.0754 0.251 0.695 0.605 292 0.065 0.065 0.065 0.0378723 0.286081 0.33021 0.763329 1 1 1 0.0209741 0.0115203 0.0435847
1 141 -0.535142 -1.97842 5.06922 0.583 0.191 0.291 177 0.34 0.34 0.34 0 0 0 0 1 1 1 0 0 0
1 142 5.39778 3.78658 6.0173 0.267 0.494 0.147 91 0.428333 0.428333 0.428333 0 0 0 0 1 1 1 0 0 0
1 143 -6.04678 0.291605 -5.73659 0.829 0.757 0.2 291 0.075 0.075 0.075 0 0 0 0 1 1 1 0 0 0
1 144 4.26362 6.44093 -8.28156 0.305 0.454 0.863 139 0.4 0.4 0.4 0.0081167 0.434278 0.636647 0.704611 1 1 1 -0.0142121 -0.0214698 0.0276052
1 145 5.51784 1.77548 -4.69323 0.031 0.635 0.34 203 0.221667 0.221667 0.221667 0 0 0 0 1 1 1 0 0 0
1 146 4.348 2.163 2.96283 0.995 0.576 0.277 278 0.368333 0.368333 0.368333 0 0 0 0 1 1 1 0 0 0
1 147 1.42811 4.77953 -5.25678 0.819 0.524 0.749 338 0.0366667 0.0366667 0.0366667 0 0 0 0 1 1 1 0 0 0
1 148 13.2583 -13.7693 -1.27195 0.236 0.852 0.178 235 0.375 0.375 0.375 0.0210712 0.65862 0.913144 0.0421766 1 1 1 -0.0441943 0.0458976 0.00423984
1 149 5.74685 2.01132 -3.6849 0.566 0.152 0.047 208 0.493333 0.493333 0.493333 0 0 0 0 1 1 1 0 0 0
1 150 -3.35975 3.42427 6.50267 0.38 0.044 0.171 132 0.248333 0.248333 0.248333 0 0 0 0 1 1 1 0 0 0
1 151 3.07947 -0.66802 -5.28455 0.869 0.304 0.6 302 0.195 0.195 0.195 0 0 0 0 1 1 1 0 0 0
1 152 -9.00363 -7.83465 -3.71587 0.237 0.864 0.853 250 0.236667 0.236667 0.236667 0.0270846 0.0946379 0.54619 0.332286 1 1 1 0.0300121 0.0261155 0.0123862
1 153 -3.67421 -3.49605 5.33583 0.26 0.525 0.781 94 0.23 0.23 0.23 0 0 0 0 1 1 1 0 0 0
1 154 4.37236 -3.29609 -6.57445 0.798 0.682 0.99 78 0.188333 0.188333 0.188333 0 0 0 0 1 1 1 0 0 0
1 155 -5.57295 -4.05747 -3.98355 0.617 0.304 0.595 320 0.305 0.305 0.305 0 0 0 0 1 1 1 0 0 0
1 156 4.06879 4.95065 11.7005 0.634 0.778 0.602 272 0.251667 0.251667 0.251667 0.0329563 0.537584 0.171453 0.436903 1 1 1 -0.0135626 -0.0165022 -0.0390016
1 157 0.118992 -2.53429 0.797479 0.017 0.082 0.318 230 0.315 0.315 0.315 0 0 0 0 1 1 1 0 0 0
1 158 6.32878 -0.425764 5.70797 0.457 0.05 0.765 259 0.443333 0.443333 0.443333 0 0 0 0 1 1 1 0 0 0
1 159 -2.32194 -6.95727 -4.33177 0.537 0.74 0.979 240 0.316667 0.316667 0.316667 0 0 0 0 1 1 1 0 0 0
1 160 3.5313 3.20316 -1.6599 0.285 0.963 0.774 151 0.00166667 0.00166667 0.00166667 0.0234858 0.228767 0.707816 0.677633 1 1 1 -0.011771 -0.0106772 0.00553301
1 161 -3.32429 3.54646 -1.68276 0.341 0.231 0.841 304 0.045 0.045 0.045 0 0 0 0 1 1 1 0 0 0
1 162 -6.01901 2.04508 -3.4875 0.933 0.021 0.937 181 0.463333 0.463333 0.463333 0 0 0 0 1 1 1 0 0 0
1 163 5.72549 3.50117 -0.118137 0.627 0.677 0.875 358 0.206667 0.206667 0.206667 0 0 0 0 1 1 1 0 0 0
1 164 -11.4407 2.25977 13.6163 0.181 0.562 0.899 125 0.356667 0.356667 0.356667 0.0317185 0.0783105 0.132603 0.168889 1 1 1 0.0381357 -0.00753258 -0.0453877
1 165 6.23435 -0.166418 -5.30122 0.336 0.925 0.174 115 0.183333 0.183333 0.183333 0 0 0 0 1 1 1 0 0 0
1 166 -0.510361 -5.43837 -1.8088 0.33 0.546 0.586 146 0.496667 0.496667 0.496667 0 0 0 0 1 1 1 0 0 0
1 167 -3.84896 -1.37642 -3.9451 0.561 0.954 0.04 305 0.0333333 0.0333333 0.0333333 0 0 0 0 1 1 1 0 0 0
1 168 0.606281 5.84362 -12.9729 0.61 0.031 0.377 196 0.393333 0.393333 0.393333 0.0288766 0.916501 0.259224 0.980255 1 1 1 -0.00202094 -0.0194787 0.0432429
1 169 5.7195 -0.147618 -4.06516 0.403 0.427 0.318 257 0.36 0.36 0.36 0 0 0 0 1 1 1 0 0 0
1 170 -2.29844 -3.98996 -3.7178 0.656 0.354 0.431 179 0.105 0.105 0.105 0 0 0 0 1 1 1 0 0 0
1 171 1.22431 6.15403 -5.22687 0.538 0.259 0.181 187 0.101667 0.101667 0.101667 0 0 0 0 1 1 1 0 0 0
1 172 2.80496 1.21128 -0.706259 0.995 0.139 0.783 58 0.428333 0.428333 0.428333 0.0376659 0.963561 0.225074 0.411328 1 1 1 -0.00934985 -0.0040376 0.0023542
1 173 -1.2555 3.56484 3.2038 0.54 0.778 0.609 296 0.446667 0.446667 0.446667 0 0 0 0 1 1 1 0 0 0
1 174 4.15146 -2.28947 -0.488571 0.216 0.484 0.368 16 0.478333 0.478333 0.478333 0 0 0 0 1 1 1 0 0 0
1 175 -4.09848 -1.72677 1.80923 0.59 0.52 0.104 154 0.355 0.355 0.355 0 0 0 0 1 1 1 0 0 0
1 176 1.85217 0.843836 -5.14548 0.522 0.197 0.798 208 0.0316667 0.0316667 0.0316667 0.039292 0.237373 0.0291452 0.852412 1 1 1 -0.0061739 -0.00281279 0.0171516
1 177 1.61013 -2.62914 -1.12775 0.884 0.096 0.862 273 0.403333 0.403333 0.403333 0 0 0 0 1 1 1 0 0 0
1 178 5.0611 5.42384 -2.20701 0.144 0.288 0.934 193 0.06 0.06 0.06 0 0 0 0 1 1 1 0 0 0
1 179 -4.17325 3.60073 4.12369 0.885 0.514 0.793 95 0.205 0.205 0.205 0 0 0 0 1 1 1 0 0 0
1 180 -12.69 1.06345 7.14505 0.046 0.365 0.278 141 0.24 0.24 0.24 0.0228413 0.984588 0.336192 0.963958 1 1 1 0.0423001 -0.00354482 -0.0238169
1 181 1.30293 -3.89212 2.49455 0.332 0.047 0.23 284 0.0966667 0.0966667 0.0966667 0 0 0 0 1 1 1 0 0 0
1 182 -0.659474 -2.65477 4.22752 0.177 0.43 0.305 254 0.261667 0.261667 0.261667 0 0 0 0 1 1 1 0 0 0
1 183 1.33155 -4.80859 -2.13523 0.887 0.561 0.873 330 0.151667 0.151667 0.151667 0 0 0 0 1 1 1 0 0 0
1 184 12.1918 -11.1245 -4.64388 0.951 0.275 0.486 163 0.116667 0.116667 0.116667 0.00760765 0.76223 0.994659 0.586322 1 1 1 -0.0406395 0.0370818 0.0154796
1 185 -2.50096 1.05127 0.81286 0.146 0.375 0.273 145 0.0916667 0.0916667 0.0916667 0 0 0 0 1 1 1 0 0 0
1 186 -1.41316 -5.89041 -0.896603 0.652 0.583 0.296 174 0.241667 0.241667 0.241667 0 0 0 0 1 1 1 0 0 0
1 187 -2.56505 2.54027 2.36766 0.892 0.059 0.84 186 0.488333 0.488333 0.488333 0 0 0 0 1 1 1 0 0 0
1 188 -12.661 -2.39735 -6.85794 0.221 0.944 0.326 288 0.42 0.42 0.42 0.0279611 0.975799 0.178838 0.793451 1 1 1 0.0422032 0.00799117 0.0228598
1 189 2.5612 -0.0873747 3.75582 0.96 0.83 0.493 127 0.0916667 0.0916667 0.0916667 0 0 0 0 1 1 1 0 0 0
1 190 -0.915403 2.78936 -0.102756 0.432 0.034 0.132 2 0.136667 0.136667 0.136667 0 0 0 0 1 1 1 0 0 0
1 191 -4.15702 -0.422773 4.15488 0.796 0.65 0.901 129 0.321667 0.321667 0.321667 0 0 0 0 1 1 1 0 0 0
1 192 -7.40397 4.80453 -10.7374 0.672 0.395 0.111 245 0.155 0.155 0.155 0.0227436 0.809778 0.201788 0.400494 1 1 1 0.0246799 -0.0160151 0.0357915
1 193 -0.460371 -5.15766 2.44029 0.932 0.014 0.965 207 0.156667 0.156667 0.156667 0 0 0 0 1 1 1 0 0 0
1 194 -4.19376 2.89319 5.27216 0.052 0.079 0.213 242 0.0983333 0.0983333 0.0983333 0 0 0 0 1 1 1 0 0 0
1 195 6.95129 2.67186 -1.06238 0.863 0.357 0.833 13 0.278333 0.278333 0.278333 0 0 0 0 1 1 1 0 0 0
1 196 6.05213 6.32899 2.79812 0.488 0.965 0.257 210 0.351667 0.351667 0.351667 0.0237007 0.132603 0.374462 0.0541398 1 1 1 -0.0201738 -0.0210966 -0.00932707
1 197 -1.82846 2.42833 -2.82952 0.592 0.071 0.007 82 0.09 0.09 0.09 0 0 0 0 1 1 1 0 0 0
1 198 -3.58919 2.36766 -4.92053 0.578 0.862 0.042 22 0.48 0.48 0.48 0 0 0 0 1 1 1 0 0 0
1 199 -2.16086 0.629566 5.61354 0.117 0.444 0.124 111 0.458333 0.458333 0.458333 0 0 0 0 1 1 1 0 0 0
