Scenario_0
300
4 0 -3.04917 5.47453 0.487564 0.174 0.001 0.816 221 0.552324 0.809809 0.727119 0 0 0 0 1 1 1 0 0 0
1 1 -6.61568 3.11411 -6.21528 0.029 0.847 0.36 325 0.661763 0.959624 0.627155 0 0 0 0 1 1 1 0 0 0
2 2 -0.898709 -7.79101 -7.38914 0.975 0.896 0.146 110 0.935835 0.587954 0.960402 0 0 0 0 1 1 1 0 0 0
2 3 2.69906 -4.92911 -2.51497 0.621 0.464 0.612 116 0.859767 0.986373 0.671697 0 0 0 0 1 1 1 0 0 0
3 4 -1.84112 0.842067 -7.28416 0.753 0.113 0.013 179 0.84228 0.563616 0.853282 0 0 0 0 1 1 1 0 0 0
2 5 6.85739 -2.33821 0.960723 0.953 0.158 0.456 104 0.542772 0.885052 0.883572 0 0 0 0 1 1 1 0 0 0
2 6 -0.507584 2.87631 3.53648 0.769 0.517 0.501 267 0.852794 0.711737 0.632221 0 0 0 0 1 1 1 0 0 0
2 7 -2.82308 0.917264 -4.28846 0.988 0.817 0.055 47 0.781564 0.662831 0.788324 0 0 0 0 1 1 1 0 0 0
1 8 2.0462 -0.987579 -4.27772 0.466 0.657 0.221 261 0.522919 0.605045 0.766854 0 0 0 0 1 1 1 0 0 0
3 9 0.150151 1.08377 -7.25925 0.151 0.657 0.21 327 0.737648 0.743019 0.818476 0 0 0 0 1 1 1 0 0 0
